9.999977999999567491e-01 5.272627909294303698e-04 -2.066935023257580537e-03 -4.690294001972338672e-02 -5.296506095380042710e-04 9.999991999997186465e-01 -1.154865239217637380e-03 -2.839928020500757933e-02 2.066324183491081729e-03 1.155957876346710468e-03 9.999972000000444394e-01 8.586941858773045055e-01 0.000000000000000000e+00 0.000000000000000000e+00 0.000000000000000000e+00 1.000000000000000000e+00
9.999977421068828587e-01 5.240989451293195022e-04 -2.063814691586242454e-03 -4.505333791372775898e-02 -5.264822900958908772e-04 9.999992119420041403e-01 -1.154336259090382559e-03 -2.739470732140776923e-02 2.063208240257728612e-03 1.155419303449229263e-03 9.999971988659388522e-01 8.577081492781299943e-01 0.000000000000000000e+00 0.000000000000000000e+00 0.000000000000000000e+00 1.000000000000000000e+00
9.999976833799711917e-01 5.222832300465078985e-04 -2.066039689504885028e-03 -4.332350870539500298e-02 -5.246748919056629708e-04 9.999991253525676305e-01 -1.156799083658348933e-03 -2.646040319485686021e-02 2.065435192142060089e-03 1.157881644628066132e-03 9.999972055135364357e-01 8.589387735245701538e-01 0.000000000000000000e+00 0.000000000000000000e+00 0.000000000000000000e+00 1.000000000000000000e+00
9.999977019889321195e-01 5.191915563201651837e-04 -2.063175004300935034e-03 -4.148517780792128351e-02 -5.215773741931161193e-04 9.999992324812659872e-01 -1.156414384491306988e-03 -2.545746385673101908e-02 2.062572581382010606e-03 1.157486543336402017e-03 9.999971930068938253e-01 8.580510311373759080e-01 0.000000000000000000e+00 0.000000000000000000e+00 0.000000000000000000e+00 1.000000000000000000e+00
9.999977403548341304e-01 5.173056133611738305e-04 -2.065131590118056415e-03 -3.974676570356622252e-02 -5.196989656616819893e-04 9.999991484198060832e-01 -1.158735998700840056e-03 -2.451348041209337747e-02 2.064532190890920257e-03 1.159807285325391464e-03 9.999972136483497032e-01 8.591672129506435773e-01 0.000000000000000000e+00 0.000000000000000000e+00 0.000000000000000000e+00 1.000000000000000000e+00
9.999977341544917797e-01 5.141994784178890868e-04 -2.062200393973132040e-03 -3.791263295210309248e-02 -5.165896469345155305e-04 9.999992502507136782e-01 -1.158307960483921477e-03 -2.350790512776150532e-02 2.061602650381062427e-03 1.159370234156026011e-03 9.999971879784824713e-01 8.582395414323578109e-01 0.000000000000000000e+00 0.000000000000000000e+00 0.000000000000000000e+00 1.000000000000000000e+00
9.999977733742217989e-01 5.123889843944809831e-04 -2.064467806153201870e-03 -3.617745097068578164e-02 -5.147868791302702505e-04 9.999991701204318240e-01 -1.160817202477258669e-03 -2.256132553006631736e-02 2.063869619457505550e-03 1.161876581378470594e-03 9.999972272905902626e-01 8.594814570127482511e-01 0.000000000000000000e+00 0.000000000000000000e+00 0.000000000000000000e+00 1.000000000000000000e+00
9.999977418352747893e-01 5.092572919933788505e-04 -2.061398264960672203e-03 -3.434637288789374465e-02 -5.116490663216830426e-04 9.999991665007307295e-01 -1.160310736985364563e-03 -2.155257562118459425e-02 2.060805175274441417e-03 1.161363458899621753e-03 9.999971876105610002e-01 8.584888556416272465e-01 0.000000000000000000e+00 0.000000000000000000e+00 0.000000000000000000e+00 1.000000000000000000e+00
9.999977680907429223e-01 5.072743028483038845e-04 -2.062993483860048327e-03 -3.259690150783856044e-02 -5.096732560195373681e-04 9.999991853471502656e-01 -1.162441468737047609e-03 -2.059262815535856106e-02 2.062395739459283589e-03 1.163489915874007033e-03 9.999972284122043975e-01 8.594421199282473722e-01 0.000000000000000000e+00 0.000000000000000000e+00 0.000000000000000000e+00 1.000000000000000000e+00
9.999977744728930640e-01 5.049555001867008343e-04 -2.063226410154533202e-03 -3.082257643478425457e-02 -5.073564533612008338e-04 9.999991989063685693e-01 -1.163807222187486501e-03 -1.961461230077155005e-02 2.062641334489467848e-03 1.164856839476440323e-03 9.999971529380387025e-01 8.598221528708647199e-01 0.000000000000000000e+00 0.000000000000000000e+00 0.000000000000000000e+00 1.000000000000000000e+00
9.999976859702298659e-01 5.016147206762637274e-04 -2.059240268378590560e-03 -2.898773652017083702e-02 -5.040105626593384403e-04 9.999991804664898343e-01 -1.162796701488236217e-03 -1.859579859959140102e-02 2.058653208469714280e-03 1.163830026978437959e-03 9.999972688558551592e-01 8.584433487339246938e-01 0.000000000000000000e+00 0.000000000000000000e+00 0.000000000000000000e+00 1.000000000000000000e+00
9.999977275951487110e-01 4.998811258325086722e-04 -2.061886596550127626e-03 -2.725053657486975478e-02 -5.022850854265915746e-04 9.999992101918183662e-01 -1.165523289608354565e-03 -1.763680687652222079e-02 2.061308262742506114e-03 1.166559734028339151e-03 9.999971543793050310e-01 8.598198699619494789e-01 0.000000000000000000e+00 0.000000000000000000e+00 0.000000000000000000e+00 1.000000000000000000e+00
9.999977955914549632e-01 4.973470624984933398e-04 -2.061219883055225716e-03 -2.546524578770997804e-02 -4.997526329181573457e-04 9.999992156477903738e-01 -1.166402031334817097e-03 -1.664490074812480236e-02 2.060639923263992562e-03 1.167421981957539670e-03 9.999972578034529436e-01 8.598190725726730932e-01 0.000000000000000000e+00 0.000000000000000000e+00 0.000000000000000000e+00 1.000000000000000000e+00
9.999976514138672057e-01 6.235576727833054729e-04 -2.070510446952326944e-03 -2.372388938822417304e-02 -6.261485849783645589e-04 9.999990610386869649e-01 -1.250756696452821198e-03 -1.575356804040239922e-02 2.069724174860208127e-03 1.252048232500503622e-03 9.999969928246859041e-01 8.591207007379395577e-01 0.000000000000000000e+00 0.000000000000000000e+00 0.000000000000000000e+00 1.000000000000000000e+00
9.999971757249078719e-01 -1.467179425948231426e-03 -1.874062171015097172e-03 -2.083195748205418640e-02 1.467397586183122066e-03 9.999988458743674924e-01 1.146470927223738889e-04 -1.278765789429131550e-02 1.873895625971400136e-03 -1.173872848013457482e-04 9.999982298658747215e-01 8.555219224297747616e-01 0.000000000000000000e+00 0.000000000000000000e+00 0.000000000000000000e+00 1.000000000000000000e+00
9.999948243425531569e-01 2.321596693501322330e-03 -2.235207466503571355e-03 -2.126374961794896823e-02 -2.326878325850619163e-03 9.999945795123988956e-01 -2.362885811132243302e-03 -1.632293466153048045e-02 2.229705928077786725e-03 2.368061172800497299e-03 9.999947369513693118e-01 8.632510134960682535e-01 0.000000000000000000e+00 0.000000000000000000e+00 0.000000000000000000e+00 1.000000000000000000e+00
9.999981400095168116e-01 9.487656479781075456e-04 -1.652920309739597249e-03 -2.055182065573385453e-02 -9.530902262248522978e-04 9.999961371948012934e-01 -2.616845175058266082e-03 -1.418983235322682224e-02 1.650437438519593292e-03 2.618425978117976116e-03 9.999951840559581084e-01 8.703661491511951454e-01 0.000000000000000000e+00 0.000000000000000000e+00 0.000000000000000000e+00 1.000000000000000000e+00
9.999911135167546261e-01 3.722600900134870675e-03 -1.999017265711701408e-03 -2.470820208988022681e-02 -3.726479489761777997e-03 9.999911387188709089e-01 -1.940015976353137023e-03 -1.311435567653840284e-02 1.991780381080797413e-03 1.947442395526351872e-03 9.999962013058231181e-01 8.811709237683569285e-01 0.000000000000000000e+00 0.000000000000000000e+00 0.000000000000000000e+00 1.000000000000000000e+00
9.999984505134397184e-01 1.154598805322636437e-03 -1.354514360579150978e-03 -1.973830116152863745e-02 -1.154147605952151852e-03 9.999992279520825145e-01 3.332444225410471916e-04 -1.074274818052775582e-02 1.354886006875576088e-03 -3.316806258616897263e-04 9.999989611724763305e-01 8.916391188630523601e-01 0.000000000000000000e+00 0.000000000000000000e+00 0.000000000000000000e+00 1.000000000000000000e+00
9.999985918117387795e-01 -2.992922209000893922e-04 -1.606270202221718457e-03 -1.914296576598956134e-02 3.019870238533980782e-04 9.999985589547117915e-01 1.680637968258780895e-03 -1.177476976967503641e-02 1.605778331684536153e-03 -1.681121113500091968e-03 9.999973667096623275e-01 9.014412095212236409e-01 0.000000000000000000e+00 0.000000000000000000e+00 0.000000000000000000e+00 1.000000000000000000e+00
9.999988813411641031e-01 1.687791263336517423e-04 -1.521157855370464107e-03 -1.457547242951884314e-02 -1.665603987285625958e-04 9.999989345446452793e-01 1.460510846505169713e-03 -1.213727025930450010e-02 1.521400342342028866e-03 -1.460255121950731344e-03 9.999977686218918249e-01 9.059665627472597293e-01 0.000000000000000000e+00 0.000000000000000000e+00 0.000000000000000000e+00 1.000000000000000000e+00
9.999991622194536189e-01 -4.857898679793420807e-04 -1.183697577272969925e-03 -1.693099946413190171e-02 4.863452192627861024e-04 9.999997654921081169e-01 4.663144784590143865e-04 -1.199797315698170053e-02 1.183469966314909527e-03 -4.668881408175680481e-04 9.999991877841634125e-01 9.128096070812006246e-01 0.000000000000000000e+00 0.000000000000000000e+00 0.000000000000000000e+00 1.000000000000000000e+00
9.999984278562026319e-01 2.394503364213585372e-04 -1.756444590350382529e-03 -1.348959732780530274e-02 -2.405863662677894168e-04 9.999998002992043222e-01 -6.474693875741614757e-04 -1.273321113508368851e-02 1.756285502900564732e-03 6.478916073143110854e-04 9.999981813692000454e-01 9.149121200724223968e-01 0.000000000000000000e+00 0.000000000000000000e+00 0.000000000000000000e+00 1.000000000000000000e+00
9.999980376988710784e-01 -1.679587972195361288e-03 -1.054044887720283208e-03 -1.251787018266467544e-02 1.678308454027768173e-03 9.999978382861942627e-01 -1.216347763314619412e-03 -1.265672833885800319e-02 1.056086271881771788e-03 1.214574602082334892e-03 9.999987631935928212e-01 9.183348080866053920e-01 0.000000000000000000e+00 0.000000000000000000e+00 0.000000000000000000e+00 1.000000000000000000e+00
9.999996445328397376e-01 -3.115124239226611975e-04 -7.805685596206507482e-04 -1.036800082748759455e-02 3.127471951900523189e-04 9.999987161058858653e-01 1.582862567896782535e-03 -1.050109482194883093e-02 7.800733839488580013e-04 -1.583103977009312630e-03 9.999984252872149426e-01 9.285790905960489283e-01 0.000000000000000000e+00 0.000000000000000000e+00 0.000000000000000000e+00 1.000000000000000000e+00
9.999988214221929850e-01 1.526436044767594518e-03 -4.390192637819534394e-05 -1.337881605014384911e-02 -1.526251080382746419e-03 9.999910506132916321e-01 3.931831892820720348e-03 -1.393758033309505651e-02 4.990237990810941771e-05 -3.931762231997353724e-03 9.999922389489375174e-01 9.359477674869580710e-01 0.000000000000000000e+00 0.000000000000000000e+00 0.000000000000000000e+00 1.000000000000000000e+00
9.999995228083993215e-01 6.268926418859814206e-04 8.067136028221746913e-04 -1.074924520192849231e-02 -6.298710184308452297e-04 9.999929470273754006e-01 3.699328372356643774e-03 -1.835044513508526931e-02 -8.043964164394998284e-04 -3.699832082994949575e-03 9.999928885359943287e-01 9.370919004010573872e-01 0.000000000000000000e+00 0.000000000000000000e+00 0.000000000000000000e+00 1.000000000000000000e+00
9.999984058961416400e-01 -1.056038004309614326e-03 1.424935394775193875e-03 -8.117019939748060242e-03 1.052349794579306597e-03 9.999961238066158442e-01 2.581542688089731932e-03 -1.715773922529395534e-02 -1.427656782080774511e-03 -2.580038818165791836e-03 9.999955769941781814e-01 9.438174133022485535e-01 0.000000000000000000e+00 0.000000000000000000e+00 0.000000000000000000e+00 1.000000000000000000e+00
9.999988982092177237e-01 -2.516102753175564438e-04 1.438636000191576003e-03 -9.376519694076324019e-03 2.498959335940339815e-04 9.999992971677604814e-01 1.195682655203245820e-03 -1.629520477414014845e-02 -1.438934435760548525e-03 -1.195322788438703612e-03 9.999982459063000428e-01 9.466943282673163651e-01 0.000000000000000000e+00 0.000000000000000000e+00 0.000000000000000000e+00 1.000000000000000000e+00
9.999992506829493699e-01 3.516620081624972981e-04 1.183469922330405988e-03 -1.016106864808957733e-02 -3.486348491011937714e-04 9.999966986558115334e-01 -2.558042832403970360e-03 -1.729233980969502316e-02 -1.184350431145814175e-03 2.557630282896723381e-03 9.999961123426474030e-01 9.492164719683628960e-01 0.000000000000000000e+00 0.000000000000000000e+00 0.000000000000000000e+00 1.000000000000000000e+00
9.999988065060474440e-01 1.231759856201994959e-03 9.467059768729149671e-04 -1.166297241228997361e-02 -1.226748717637119162e-03 9.999853541676322344e-01 -5.271330333755583353e-03 -1.714116323955305887e-02 -9.531927236260118175e-04 5.270164010278501066e-03 9.999856516017739949e-01 9.530788305861470633e-01 0.000000000000000000e+00 0.000000000000000000e+00 0.000000000000000000e+00 1.000000000000000000e+00
9.999990220284202813e-01 -5.630907687634870368e-04 1.239298635821957373e-03 -9.804483201354630140e-03 5.674353425238112120e-04 9.999935824294835518e-01 -3.510190288895712746e-03 -1.339048825593208703e-02 -1.237316371079655308e-03 3.510891069410288640e-03 9.999930787449685665e-01 9.598915731461374889e-01 0.000000000000000000e+00 0.000000000000000000e+00 0.000000000000000000e+00 1.000000000000000000e+00
9.999967313738907793e-01 -2.464883014964571427e-03 7.136698467327395878e-04 -8.879092250171638501e-03 2.464019150845050878e-03 9.999962286878782969e-01 1.217098462751222548e-03 -1.164149719697510355e-02 -7.166662008330770828e-04 -1.215341456536424974e-03 9.999989511738197612e-01 9.697591025637706252e-01 0.000000000000000000e+00 0.000000000000000000e+00 0.000000000000000000e+00 1.000000000000000000e+00
9.999982299238172612e-01 -1.893078248577781918e-03 -2.098698520032055148e-04 -1.014617363442527065e-02 1.894077346635910167e-03 9.999862417610904108e-01 4.892509573229699565e-03 -1.080143466327376789e-02 2.006032606274091301e-04 -4.892899643535323154e-03 9.999879881113975522e-01 9.769179628397246518e-01 0.000000000000000000e+00 0.000000000000000000e+00 0.000000000000000000e+00 1.000000000000000000e+00
9.999936911208704426e-01 -3.406344358135708975e-03 -9.432063213065250418e-04 -1.014224227083859731e-02 3.410136940486220829e-03 9.999860530738687858e-01 4.050341483809703075e-03 -1.517334273869008765e-02 9.293949523915684408e-04 -4.053528590640731455e-03 9.999914209661121545e-01 9.806600163356478106e-01 0.000000000000000000e+00 0.000000000000000000e+00 0.000000000000000000e+00 1.000000000000000000e+00
9.999700862347757901e-01 -7.669712033754112757e-03 -1.075662522125812870e-03 -1.461387670769975777e-03 7.669309412690608271e-03 9.999705149881661370e-01 -3.790483511930398119e-04 -1.572271716543860443e-02 1.078542837156366840e-03 3.707874227454749372e-04 9.999993329066534375e-01 9.804910635177392919e-01 0.000000000000000000e+00 0.000000000000000000e+00 0.000000000000000000e+00 1.000000000000000000e+00
9.999944447326356567e-01 -2.898484019476388167e-03 -1.619037171496813532e-03 -7.305116031966651935e-03 2.892106004930197066e-03 9.999881230987116565e-01 -3.928376949347618663e-03 -1.417307203668916049e-02 1.630404483559076689e-03 3.923674317933251166e-03 9.999909573707493893e-01 9.804408043208923118e-01 0.000000000000000000e+00 0.000000000000000000e+00 0.000000000000000000e+00 1.000000000000000000e+00
9.999983068221022231e-01 1.002985102555503443e-03 -1.560948880259066529e-03 -1.353337300850787628e-02 -1.009817244401786012e-03 9.999898083435367901e-01 -4.382375833237091289e-03 -1.500404589771664465e-02 1.556545714438896388e-03 4.383939902661207824e-03 9.999892095746552023e-01 9.856236724235785118e-01 0.000000000000000000e+00 0.000000000000000000e+00 0.000000000000000000e+00 1.000000000000000000e+00
9.999979948445346656e-01 6.314237787656519973e-04 -1.902840723087821651e-03 -1.514226981354988011e-02 -6.338356878528945623e-04 9.999990181983818838e-01 -1.267021705283657984e-03 -2.384150167895815464e-02 1.902025804751045213e-03 1.268226624503914629e-03 9.999973185577893942e-01 1.012958801711612011e+00 0.000000000000000000e+00 0.000000000000000000e+00 0.000000000000000000e+00 1.000000000000000000e+00
9.999994170473300859e-01 -1.611813139260630289e-04 -1.062594582448971037e-03 -1.602468491504649428e-02 1.634560206557010825e-04 9.999977024765085432e-01 2.140936081940977842e-03 -4.448487451119803593e-02 1.062249111246853228e-03 -2.141104058750040867e-03 9.999971991231747515e-01 1.059393759393458367e+00 0.000000000000000000e+00 0.000000000000000000e+00 0.000000000000000000e+00 1.000000000000000000e+00
9.999943826712546224e-01 3.184149157405260968e-03 -1.012433658326698793e-03 -1.899664344383800163e-02 -3.180963760860391377e-03 9.999900009094847553e-01 3.133114416985171430e-03 -3.766493773853907268e-02 1.022402578311432109e-03 -3.129884508801923648e-03 9.999945831846178690e-01 1.043781772249133155e+00 0.000000000000000000e+00 0.000000000000000000e+00 0.000000000000000000e+00 1.000000000000000000e+00
9.999991146371151052e-01 1.940663103451218969e-04 -1.293488674506924896e-03 -1.619238580574555719e-02 -1.927877875630011791e-04 9.999994939787784087e-01 9.882480411345356125e-04 -4.080255158062418008e-02 1.293677357307419784e-03 -9.879919506801636275e-04 9.999986552413213658e-01 1.045620277603603654e+00 0.000000000000000000e+00 0.000000000000000000e+00 0.000000000000000000e+00 1.000000000000000000e+00
9.999992414726336376e-01 7.671891019818657042e-04 -9.928801301873763085e-04 -1.354434735678530788e-02 -7.648982841303173311e-04 9.999970615227250503e-01 2.305737290207571927e-03 -3.089754415020384837e-02 9.946574122817394836e-04 -2.304973769862970340e-03 9.999968826271082856e-01 1.034512785657874190e+00 0.000000000000000000e+00 0.000000000000000000e+00 0.000000000000000000e+00 1.000000000000000000e+00
9.999998671693801633e-01 -5.826387568303728007e-04 -5.607316694411501601e-05 -1.348718564968270917e-02 5.828489542289490722e-04 9.999924923950410660e-01 3.824246728675404633e-03 -3.307936228835817172e-02 5.383846829042776561e-05 -3.824279929178157900e-03 9.999926750617629256e-01 1.037262653480603092e+00 0.000000000000000000e+00 0.000000000000000000e+00 0.000000000000000000e+00 1.000000000000000000e+00
9.999824862787548563e-01 5.898817870584266779e-03 -4.577432525007252284e-04 -2.274018570637145742e-02 -5.898023970219695017e-03 9.999811521092432098e-01 1.720101746419449608e-03 -2.698576078563674763e-02 4.678766146018475958e-04 -1.717372413542509260e-03 9.999983473367241027e-01 1.025170200985115798e+00 0.000000000000000000e+00 0.000000000000000000e+00 0.000000000000000000e+00 1.000000000000000000e+00
9.999998940006402659e-01 4.709051737415084087e-04 8.466400227997300520e-05 -1.810031247664237175e-02 -4.709311927051397766e-04 9.999998634494083882e-01 3.057299225237399345e-04 -2.900923517841746957e-02 -8.451315909625140010e-05 -3.057695492732293366e-04 1.000000040936859236e+00 1.024291135319224111e+00 0.000000000000000000e+00 0.000000000000000000e+00 0.000000000000000000e+00 1.000000000000000000e+00
9.999999766357993147e-01 -1.866729751854236553e-04 -1.445019253986448704e-04 -1.451244141619240091e-02 1.864148655216498287e-04 9.999983641223693098e-01 -1.781420775578067620e-03 -2.421242943322132746e-02 1.448303942817794066e-04 1.781393865827703843e-03 9.999983890189880764e-01 1.012126024670159552e+00 0.000000000000000000e+00 0.000000000000000000e+00 0.000000000000000000e+00 1.000000000000000000e+00
9.999969334797921272e-01 2.451790124166217805e-03 2.398031445834461484e-04 -1.977375120990532142e-02 -2.451105548081573479e-03 9.999930481959952155e-01 -2.813904124147903647e-03 -2.705449852731622862e-02 -2.467031230789576424e-04 2.813306201488283316e-03 9.999959694234014096e-01 1.007356666911434218e+00 0.000000000000000000e+00 0.000000000000000000e+00 0.000000000000000000e+00 1.000000000000000000e+00
9.999995266233366875e-01 -1.691904549433038930e-04 -9.739626630235129201e-04 -1.358778452336284470e-02 1.690785678265995656e-04 1.000000047847751317e+00 -1.140149225231888719e-04 -2.793398931141721775e-02 9.739865176203038599e-04 1.138509265567536066e-04 9.999995615087993173e-01 1.003175166127974194e+00 0.000000000000000000e+00 0.000000000000000000e+00 0.000000000000000000e+00 1.000000000000000000e+00
9.999970952077001929e-01 -2.026268580911743528e-03 -1.318846355019949457e-03 -1.046916540725484346e-02 2.028299503123727476e-03 9.999967087832514201e-01 1.539591233019716246e-03 -2.465049718394052292e-02 1.315718980132461746e-03 -1.542261938870248539e-03 9.999978662181833178e-01 1.001338073830069675e+00 0.000000000000000000e+00 0.000000000000000000e+00 0.000000000000000000e+00 1.000000000000000000e+00
9.999996137392299644e-01 1.454412928134930219e-04 -8.738624400397576597e-04 -1.458162529359921522e-02 -1.445584289969386476e-04 9.999995227704573386e-01 1.010476762647370338e-03 -2.843536714019334610e-02 8.740034091221648982e-04 -1.010350160654452552e-03 9.999991526360176852e-01 9.971161925077112187e-01 0.000000000000000000e+00 0.000000000000000000e+00 0.000000000000000000e+00 1.000000000000000000e+00
9.999957349673790352e-01 2.888536730646541241e-03 -2.678099930827904096e-04 -1.903043275461466233e-02 -2.889108502732027489e-03 9.999934124587415152e-01 -2.172660438900196438e-03 -2.819369160075435587e-02 2.615404320081282652e-04 2.173426296110461675e-03 9.999976364564137077e-01 9.884513534506567112e-01 0.000000000000000000e+00 0.000000000000000000e+00 0.000000000000000000e+00 1.000000000000000000e+00
9.999994925953783476e-01 6.998790681845058238e-04 -7.387223057363154211e-04 -1.781875242527661274e-02 -7.038929744455674382e-04 9.999849529584885488e-01 -5.435252821031145640e-03 -2.454624221949619489e-02 7.349131774848083332e-04 5.435766379300174464e-03 9.999849466773903517e-01 9.800715404192601454e-01 0.000000000000000000e+00 0.000000000000000000e+00 0.000000000000000000e+00 1.000000000000000000e+00
9.999998293433119967e-01 4.550943672032380484e-04 -4.651192978073551143e-04 -1.293043378560612688e-02 -4.554635867262964806e-04 9.999996506544461816e-01 -7.970490812061366281e-04 -1.742682915621229789e-02 4.647473786363529036e-04 7.972554180483582692e-04 9.999995011085319740e-01 9.842478589964827052e-01 0.000000000000000000e+00 0.000000000000000000e+00 0.000000000000000000e+00 1.000000000000000000e+00
9.999997649032313918e-01 -5.594880717948042806e-04 -3.087922860049233109e-04 -1.037966520593838760e-02 5.604924073626235594e-04 9.999944832244345161e-01 3.257618585141272560e-03 -2.297769732223331474e-02 3.069706375546932264e-04 -3.257783146516783288e-03 9.999947137976181732e-01 9.832413479520596411e-01 0.000000000000000000e+00 0.000000000000000000e+00 0.000000000000000000e+00 1.000000000000000000e+00
9.999958336624220623e-01 -2.877891429241704723e-03 -3.210629988011082236e-04 -9.234164468183286845e-03 2.878875002488698841e-03 9.999910594504124450e-01 3.096468122569103962e-03 -2.073869482375267914e-02 3.121482568711544947e-04 -3.097380182321769065e-03 9.999950885524042654e-01 9.788827734076122056e-01 0.000000000000000000e+00 0.000000000000000000e+00 0.000000000000000000e+00 1.000000000000000000e+00
9.999991352067438832e-01 -1.267038305696244855e-03 -2.867317480939254870e-04 -1.032103450742233308e-02 1.267284557166687385e-03 9.999988421430704433e-01 8.596248011373298914e-04 -2.261688920694870930e-02 2.856472504520896072e-04 -8.599875366218246581e-04 9.999996550150478392e-01 9.722799234422865311e-01 0.000000000000000000e+00 0.000000000000000000e+00 0.000000000000000000e+00 1.000000000000000000e+00
9.999953957889529121e-01 -3.021408371894016617e-03 -1.856344088139796900e-04 -7.473498397799649418e-03 3.021243705087492577e-03 9.999950300011388737e-01 -8.826379412930230456e-04 -2.076815803351905743e-02 1.882915577459051693e-04 8.820727784450109465e-04 9.999995270085141330e-01 9.651751127375192141e-01 0.000000000000000000e+00 0.000000000000000000e+00 0.000000000000000000e+00 1.000000000000000000e+00
9.999943132756822228e-01 -3.334799764528663737e-03 -5.501103178327942933e-04 -3.279809933274202560e-03 3.333816096696933309e-03 9.999929270938578973e-01 -1.780735610339739122e-03 -1.961674583183437015e-02 5.560438506254858360e-04 1.778894321781764043e-03 9.999983150745183069e-01 9.656452026905881780e-01 0.000000000000000000e+00 0.000000000000000000e+00 0.000000000000000000e+00 1.000000000000000000e+00
9.999981819396008831e-01 -1.499414206948540898e-03 -1.207655432515435112e-03 -7.910358560978214548e-03 1.500521856194388711e-03 9.999984152639604940e-01 9.170375103414660223e-04 -1.720647399383956611e-02 1.206274538164291144e-03 -9.188505235502089641e-04 9.999988424448754687e-01 9.608228809305146001e-01 0.000000000000000000e+00 0.000000000000000000e+00 0.000000000000000000e+00 1.000000000000000000e+00
9.999947318045827593e-01 -3.044450063035056969e-03 -1.097344424506339899e-03 -5.055260660721316857e-03 3.049137591004193442e-03 9.999860847631170113e-01 4.294885714515611630e-03 -1.508039394090188168e-02 1.084268142368484400e-03 -4.298207826347510453e-03 9.999902260542220533e-01 9.642033997030878822e-01 0.000000000000000000e+00 0.000000000000000000e+00 0.000000000000000000e+00 1.000000000000000000e+00
9.999980877447428584e-01 -1.911545814261766257e-03 -4.703564138914470560e-04 -1.094497730491256725e-02 1.914130007149166023e-03 9.999827430737412426e-01 5.554242962389753860e-03 -1.332830270205964673e-02 4.597287505248293105e-04 -5.555131504633468303e-03 9.999844483836961562e-01 9.638789648640653240e-01 0.000000000000000000e+00 0.000000000000000000e+00 0.000000000000000000e+00 1.000000000000000000e+00
9.999987728363061157e-01 1.440240846267848950e-03 -5.367155432658005099e-04 -1.595932002155629401e-02 -1.439157111859249230e-03 9.999969749714587852e-01 2.014637685979299951e-03 -1.929218435991586489e-02 5.396059682314519046e-04 -2.013863037530085227e-03 9.999977944284214049e-01 9.540093057052203562e-01 0.000000000000000000e+00 0.000000000000000000e+00 0.000000000000000000e+00 1.000000000000000000e+00
9.999975536915193253e-01 1.627263127930578344e-03 -1.523509790538016273e-03 -1.162486630301265422e-02 -1.630726783223214894e-03 9.999960703197242617e-01 -2.274256711075430416e-03 -2.417995065633826712e-02 1.519808697622450355e-03 2.276735906791118973e-03 9.999962116532162826e-01 9.432538525305176336e-01 0.000000000000000000e+00 0.000000000000000000e+00 0.000000000000000000e+00 1.000000000000000000e+00
9.999973635466438138e-01 1.680103704409497377e-03 -1.551570683771007209e-03 -5.857719957766807650e-03 -1.693195419638883958e-03 9.999627060794065159e-01 -8.475710921373157472e-03 -2.334395913534881295e-02 1.537270484023384176e-03 8.478314495849929508e-03 9.999629130856132475e-01 9.270191078417084896e-01 0.000000000000000000e+00 0.000000000000000000e+00 0.000000000000000000e+00 1.000000000000000000e+00
9.999986718063664792e-01 1.161127514988461243e-03 -1.124813360597790024e-03 -4.027972236808813333e-03 -1.167484297359292888e-03 9.999832557212148254e-01 -5.667349246343104247e-03 -1.977027348469717616e-02 1.118217378345845447e-03 5.668664913726943408e-03 9.999833641852473587e-01 9.173350233229484729e-01 0.000000000000000000e+00 0.000000000000000000e+00 0.000000000000000000e+00 1.000000000000000000e+00
9.999860644976196200e-01 5.126113223283652702e-03 -1.269732696404263228e-03 -1.430226881074081469e-02 -5.125143165799947963e-03 9.999865383617216885e-01 7.661455409970086700e-04 -1.595923868356941000e-02 1.273642932322974208e-03 -7.596385314870245098e-04 9.999988953559818539e-01 9.135614039950326060e-01 0.000000000000000000e+00 0.000000000000000000e+00 0.000000000000000000e+00 1.000000000000000000e+00
9.999948019447778558e-01 3.105141808076279132e-03 -8.434069848894804045e-04 -9.079949854810032139e-03 -3.102681320003220031e-03 9.999909691043996629e-01 2.904403069199647594e-03 -2.190661337103594342e-02 8.524258200952733455e-04 -2.901766144512358744e-03 9.999953556609846306e-01 9.013014306970674738e-01 0.000000000000000000e+00 0.000000000000000000e+00 0.000000000000000000e+00 1.000000000000000000e+00
9.999955864742454681e-01 2.652725082262205603e-03 -1.356259555817446172e-03 -1.004267600429153973e-02 -2.650350588781169320e-03 9.999949900239682998e-01 1.746238663336816682e-03 -2.400387824425398442e-02 1.360871257879203711e-03 -1.742639105009002182e-03 9.999975913146830209e-01 8.855789329418897182e-01 0.000000000000000000e+00 0.000000000000000000e+00 0.000000000000000000e+00 1.000000000000000000e+00
9.999992189271391663e-01 1.508394706844146723e-04 -1.234815559381721717e-03 -6.725665429182736688e-03 -1.519414513651868182e-04 9.999995618401341657e-01 -8.897858003607955757e-04 -2.089718144155816582e-02 1.234687880358853462e-03 8.899755043262468773e-04 9.999988028744618562e-01 8.715238598151415772e-01 0.000000000000000000e+00 0.000000000000000000e+00 0.000000000000000000e+00 1.000000000000000000e+00
9.999976535505343822e-01 1.434040515628537404e-03 -1.633518419447463343e-03 -9.376193203262217502e-03 -1.432619312671473341e-03 9.999985851984783958e-01 8.752580484410171086e-04 -1.938838546036114607e-02 1.634765889710648734e-03 -8.729181430998066149e-04 9.999982717962964118e-01 8.578145983075984304e-01 0.000000000000000000e+00 0.000000000000000000e+00 0.000000000000000000e+00 1.000000000000000000e+00
9.999980245961500591e-01 1.306795381615692957e-03 -1.488469546673393262e-03 -8.185137002303610743e-03 -1.305832059147405116e-03 9.999989059553836546e-01 6.408931730572352270e-04 -2.209794593251035444e-02 1.489312491076227873e-03 -6.389476266831471685e-04 9.999987760210413690e-01 8.458269428461164807e-01 0.000000000000000000e+00 0.000000000000000000e+00 0.000000000000000000e+00 1.000000000000000000e+00
9.999986532858828880e-01 -2.885222373338844652e-04 -1.622228635441966271e-03 -5.679073514536780998e-03 2.901370364025749552e-04 9.999995045169485230e-01 9.996355038958751327e-04 -2.087929163453727810e-02 1.621928996226568165e-03 -1.000105380675143582e-03 9.999981328351771337e-01 8.314932119853466475e-01 0.000000000000000000e+00 0.000000000000000000e+00 0.000000000000000000e+00 1.000000000000000000e+00
9.999988361832172767e-01 -4.552326112987574577e-04 -1.452691039600356726e-03 -4.567064118102592829e-03 4.562660941287137060e-04 9.999995787421420701e-01 7.136153558842638078e-04 -1.919789087495016311e-02 1.452370022542684436e-03 -7.142760166359658422e-04 9.999986765611778017e-01 8.193738453678918177e-01 0.000000000000000000e+00 0.000000000000000000e+00 0.000000000000000000e+00 1.000000000000000000e+00
9.999966903090449222e-01 2.174640167342114811e-03 -1.388218203544178131e-03 -7.607308069747742429e-03 -2.171566526365150025e-03 9.999952953301497471e-01 2.211858111965532038e-03 -1.950405149765588320e-02 1.393030354315927255e-03 -2.208836412879573025e-03 9.999966368660958560e-01 8.072847933705418200e-01 0.000000000000000000e+00 0.000000000000000000e+00 0.000000000000000000e+00 1.000000000000000000e+00
9.999981618576533338e-01 1.522853400372132160e-03 -1.146209291910962880e-03 -8.033456182919618271e-03 -1.517496922511254792e-03 9.999879196118058866e-01 4.656419505339965369e-03 -1.846684845607127201e-02 1.153280463130373912e-03 -4.654671820241411233e-03 9.999884346289767967e-01 7.967751080863081370e-01 0.000000000000000000e+00 0.000000000000000000e+00 0.000000000000000000e+00 1.000000000000000000e+00
9.999954500898526888e-01 2.391820915957370512e-03 -1.862039630324399675e-03 -3.032644018118757501e-03 -2.388611019513963481e-03 9.999956705714843075e-01 1.722317824975025478e-03 -2.639448762580842711e-02 1.866139978462980076e-03 -1.717861452219029798e-03 9.999967801241691490e-01 7.789566858544247907e-01 0.000000000000000000e+00 0.000000000000000000e+00 0.000000000000000000e+00 1.000000000000000000e+00
9.999932994980408330e-01 3.302154127882983136e-03 -1.555524020657561568e-03 -9.120849546859322032e-03 -3.307186066718725750e-03 9.999893341945189640e-01 -3.238362720935067992e-03 -2.861811789474488776e-02 1.544821093801232448e-03 3.243485375090852420e-03 9.999935854882811004e-01 7.560431177602424668e-01 0.000000000000000000e+00 0.000000000000000000e+00 0.000000000000000000e+00 1.000000000000000000e+00
9.999986430181373454e-01 1.130832123700852097e-03 -1.231779815656725008e-03 -5.627463920497843830e-03 -1.140106698381554299e-03 9.999707759423653863e-01 -7.558841970165961627e-03 -2.710643229056231007e-02 1.223198004382766713e-03 7.560232996515030279e-03 9.999706817892699551e-01 7.334740480246182415e-01 0.000000000000000000e+00 0.000000000000000000e+00 0.000000000000000000e+00 1.000000000000000000e+00
9.999984759447895222e-01 -7.214042031578565654e-04 -1.570907947294239437e-03 -5.062695792894311708e-03 7.123688055597817564e-04 9.999832533936154899e-01 -5.747646016937361588e-03 -1.733602082627072605e-02 1.575036474642937945e-03 5.746518052373647892e-03 9.999822628390765411e-01 7.157694030809693686e-01 0.000000000000000000e+00 0.000000000000000000e+00 0.000000000000000000e+00 1.000000000000000000e+00
9.999995177665371715e-01 9.016663276522373423e-04 -3.936195728913433056e-04 -6.386931747103030688e-03 -9.025174160408643356e-04 9.999971761376483803e-01 -2.163937843273625733e-03 -1.681795181252310201e-02 3.916645081535885531e-04 2.164295162396235456e-03 9.999975506688547622e-01 6.980609863479969590e-01 0.000000000000000000e+00 0.000000000000000000e+00 0.000000000000000000e+00 1.000000000000000000e+00
9.999973182578951736e-01 2.162821967250058795e-03 -7.677247168765277685e-04 -8.641341086905285351e-03 -2.160199114620613581e-03 9.999919204326961353e-01 3.412085750116183175e-03 -1.988878998960474931e-02 7.750951018961477201e-04 -3.410420153124923276e-03 9.999939144636217359e-01 6.796668334251592114e-01 0.000000000000000000e+00 0.000000000000000000e+00 0.000000000000000000e+00 1.000000000000000000e+00
9.999987529966040123e-01 9.722545538384591221e-04 -1.283453765811903846e-03 -5.208596873286674978e-03 -9.678057575048903786e-04 9.999935107844091231e-01 3.454985766401295552e-03 -2.733895001973141170e-02 1.286802338611239827e-03 -3.453739123260709740e-03 9.999931675792400609e-01 6.592514146964845168e-01 0.000000000000000000e+00 0.000000000000000000e+00 0.000000000000000000e+00 1.000000000000000000e+00
9.999948827039073507e-01 -2.897543771302299193e-03 -1.336293625943646424e-03 7.584057154086387698e-04 2.893279942732842648e-03 9.999908098805864176e-01 -3.176557359861184246e-03 -2.474375208204615539e-02 1.345487797671074404e-03 3.172682769052463658e-03 9.999941052427915311e-01 6.334392603762779572e-01 0.000000000000000000e+00 0.000000000000000000e+00 0.000000000000000000e+00 1.000000000000000000e+00
9.999720536431557782e-01 -7.475556944470719903e-03 -5.856019655690880565e-05 8.387776051191231375e-03 7.475186662369561093e-03 9.999599493622478574e-01 -4.910523002027638445e-03 -2.093331168144252352e-02 9.527133013244315496e-05 4.909937454760321049e-03 9.999879474389040679e-01 6.137931428325344996e-01 0.000000000000000000e+00 0.000000000000000000e+00 0.000000000000000000e+00 1.000000000000000000e+00
9.999912443550130758e-01 -4.107489830104682667e-03 7.975277866906910207e-04 4.411066742418201514e-03 4.111986705692306440e-03 9.999751684825372022e-01 -5.736870387171313923e-03 -2.080997321994182414e-02 -7.739504806457131458e-04 5.740097891219712173e-03 9.999831613234476668e-01 5.963799216661840319e-01 0.000000000000000000e+00 0.000000000000000000e+00 0.000000000000000000e+00 1.000000000000000000e+00
9.999941762586714855e-01 1.721492805218493259e-03 2.963425657605336938e-03 -2.285823818178212008e-03 -1.719960773277700097e-03 9.999983623836030677e-01 -5.161226023344574199e-04 -1.579861803295179445e-02 -2.964312864774054646e-03 5.110235929286673084e-04 9.999954838111797528e-01 5.841968758209787893e-01 0.000000000000000000e+00 0.000000000000000000e+00 0.000000000000000000e+00 1.000000000000000000e+00
9.999779112654026969e-01 5.343123979078452830e-03 3.936440729235060609e-03 -5.475981295032683605e-03 -5.355789450933821222e-03 9.999804749191489872e-01 3.211811203203570469e-03 -1.615160403917181853e-02 -3.919193136308771197e-03 -3.232821602817920886e-03 9.999871204503504307e-01 5.723407285726835880e-01 0.000000000000000000e+00 0.000000000000000000e+00 0.000000000000000000e+00 1.000000000000000000e+00
9.999890686481233137e-01 -1.312931832462980964e-03 4.504625382067029005e-03 3.735201433197499199e-03 1.298810222280942419e-03 9.999942466578048972e-01 3.138782506668231359e-03 -1.461657601036736587e-02 -4.508733405139145334e-03 -3.132899838823584998e-03 9.999849222076570010e-01 5.568171735255873500e-01 0.000000000000000000e+00 0.000000000000000000e+00 0.000000000000000000e+00 1.000000000000000000e+00
9.999747377043869401e-01 -4.791095388929907800e-03 5.243684059743555781e-03 1.537021994564691241e-02 4.770203971655848432e-03 9.999806901908188106e-01 3.988877255015042117e-03 -1.756836486512858286e-02 -5.262677297042578362e-03 -3.963763995720676406e-03 9.999783272674634960e-01 5.435787555123852144e-01 0.000000000000000000e+00 0.000000000000000000e+00 0.000000000000000000e+00 1.000000000000000000e+00
9.999592712575774422e-01 -4.602979385364341230e-03 7.760733828454637051e-03 1.396668191533656511e-02 4.568606659713840210e-03 9.999796735268372538e-01 4.440869443322720614e-03 -2.016789790116502168e-02 -7.781030119395099254e-03 -4.405228251517102900e-03 9.999599943765569154e-01 5.314139420761563315e-01 0.000000000000000000e+00 0.000000000000000000e+00 0.000000000000000000e+00 1.000000000000000000e+00
9.999411455765379042e-01 2.845972487996922817e-03 1.046738675079626757e-02 7.180333798099208797e-03 -2.838768977429004248e-03 9.999956973776085167e-01 -7.026425885323754617e-04 -1.840114901634493094e-02 -1.046933591763411081e-02 6.728866205779823750e-04 9.999449912254257944e-01 5.122618675399621679e-01 0.000000000000000000e+00 0.000000000000000000e+00 0.000000000000000000e+00 1.000000000000000000e+00
9.998734902937084223e-01 5.582274505962655370e-03 1.489720882199870033e-02 -7.260744726697021534e-04 -5.577990558881911788e-03 9.999844433888511741e-01 -3.299498038373538389e-04 -1.665457049058716166e-02 -1.489881455742944616e-02 2.468163834854573274e-04 9.998889977931741946e-01 5.017466254960254446e-01 0.000000000000000000e+00 0.000000000000000000e+00 0.000000000000000000e+00 1.000000000000000000e+00
9.998279413575220653e-01 5.097104270754351102e-03 1.783605902332402807e-02 4.623524026925007746e-03 -5.110255602085666225e-03 9.999866727926647325e-01 6.924042131538302863e-04 -1.512477054434446799e-02 -1.783230086257138469e-02 -7.834335742765360933e-04 9.998406427245238870e-01 4.878405649620987106e-01 0.000000000000000000e+00 0.000000000000000000e+00 0.000000000000000000e+00 1.000000000000000000e+00
9.997665069495667023e-01 -1.449030042361982001e-03 2.155998483921107295e-02 2.142867885911403647e-02 1.434499772301738941e-03 9.999987451195340160e-01 6.891940725547267277e-04 -1.248895206480149511e-02 -2.156095404864352347e-02 -6.581082616434873883e-04 9.997673298575900924e-01 4.739879502439521275e-01 0.000000000000000000e+00 0.000000000000000000e+00 0.000000000000000000e+00 1.000000000000000000e+00
9.996717705674548204e-01 -3.741082055931931570e-03 2.534390138239788620e-02 2.855030790870305424e-02 3.710676768844039207e-03 9.999923442780069838e-01 1.246617349352557511e-03 -1.430556773060898124e-02 -2.534837165803057943e-02 -1.152165051777332555e-03 9.996780393514367313e-01 4.591698773378851683e-01 0.000000000000000000e+00 0.000000000000000000e+00 0.000000000000000000e+00 1.000000000000000000e+00
9.995795112757466239e-01 -1.416772772794141350e-03 2.896346029548243009e-02 3.157510005137531550e-02 1.364893710270914835e-03 9.999974032342928698e-01 1.810862690149583204e-03 -1.401678073576340111e-02 -2.896594906903876901e-02 -1.770568621098309210e-03 9.995787868040997282e-01 4.537179859166258211e-01 0.000000000000000000e+00 0.000000000000000000e+00 0.000000000000000000e+00 1.000000000000000000e+00
9.994708865408618026e-01 -4.254149880113792972e-04 3.252210205453850284e-02 3.272565503641722273e-02 3.680914977044988943e-04 9.999984142718235658e-01 1.768657653751523270e-03 -1.375315045245040224e-02 -3.252280357808069733e-02 -1.755750372514136223e-03 9.994694800914639687e-01 4.487731102817491546e-01 0.000000000000000000e+00 0.000000000000000000e+00 0.000000000000000000e+00 1.000000000000000000e+00
