9.990498000009974122e-01 -1.649780009103591358e-03 4.355193997677668516e-02 5.154655997693421976e-02 1.760423001383108364e-03 9.999952999993985125e-01 -2.502237239403140145e-03 -2.424883023987686390e-02 -4.354760437842759152e-02 2.576529018455413992e-03 9.990480999043953592e-01 1.000725100077112240e+00 0.000000000000000000e+00 0.000000000000000000e+00 0.000000000000000000e+00 1.000000000000000000e+00
9.989718290430488201e-01 -3.928492837544100488e-03 4.516666243852904966e-02 5.145321163474027987e-02 4.138659750313884202e-03 9.999809834138372322e-01 -4.560594500360504178e-03 -2.386038258219226257e-02 -4.514788854432693482e-02 4.742833739813796280e-03 9.989690688066994451e-01 9.981864143130851907e-01 0.000000000000000000e+00 0.000000000000000000e+00 0.000000000000000000e+00 1.000000000000000000e+00
9.989462869491118058e-01 -9.195487555444339413e-04 4.588550723229586903e-02 5.292443885313749541e-02 1.124052384142206493e-03 9.999895866018382318e-01 -4.431193827594469455e-03 -2.185375381685483731e-02 -4.588101675954846248e-02 4.478099589166432797e-03 9.989368822752789923e-01 9.998445289243935719e-01 0.000000000000000000e+00 0.000000000000000000e+00 0.000000000000000000e+00 1.000000000000000000e+00
9.989170715867249362e-01 1.928911185083494705e-03 4.648416313965250679e-02 4.485486007732496228e-02 -1.784752611418192678e-03 9.999934435742604544e-01 -3.142569566879313894e-03 -2.055342028417900258e-02 -4.648995218522128381e-02 3.056204798533752875e-03 9.989140193714893812e-01 9.924698288399076418e-01 0.000000000000000000e+00 0.000000000000000000e+00 0.000000000000000000e+00 1.000000000000000000e+00
9.988904054353384687e-01 -2.666235825457685150e-03 4.702027541056205684e-02 5.254116879695791553e-02 2.666941601880787327e-03 9.999964390266370406e-01 4.774703495669975484e-05 -2.004043689823281627e-02 -4.702015419123498075e-02 7.770529285423648236e-05 9.988939591613873459e-01 9.969751179595132129e-01 0.000000000000000000e+00 0.000000000000000000e+00 0.000000000000000000e+00 1.000000000000000000e+00
9.989100159379354915e-01 -1.481718274791349321e-03 4.665433026124396476e-02 5.142100007269911899e-02 1.531295264430113448e-03 9.999983335421646080e-01 -1.026864310268117350e-03 -2.340352825429649342e-02 -4.665273424606816710e-02 1.097191682042388677e-03 9.989105711407760824e-01 9.907870549341701860e-01 0.000000000000000000e+00 0.000000000000000000e+00 0.000000000000000000e+00 1.000000000000000000e+00
9.989283650254457969e-01 -3.434197464427015886e-03 4.615505744794928811e-02 4.953072787936796395e-02 3.597162564658683628e-03 9.999875845274510677e-01 -3.448260662523607023e-03 -2.486216970134623450e-02 -4.614259800503595077e-02 3.610584491378306116e-03 9.989283381651501426e-01 9.896713727969670416e-01 0.000000000000000000e+00 0.000000000000000000e+00 0.000000000000000000e+00 1.000000000000000000e+00
9.989777128909584913e-01 -4.054936650177977733e-03 4.502392363734802894e-02 5.466466194906227649e-02 4.179529673098716057e-03 9.999877435388281333e-01 -2.673506378045652915e-03 -2.032982484418263680e-02 -4.501255734055059632e-02 2.858947569815546014e-03 9.989823139939189023e-01 9.859660531985472431e-01 0.000000000000000000e+00 0.000000000000000000e+00 0.000000000000000000e+00 1.000000000000000000e+00
9.989452732305903471e-01 -6.939618676736307445e-05 4.591503894438409006e-02 4.918364371032324378e-02 1.231135027532741233e-04 9.999992584028486453e-01 -1.166980921992261805e-03 -1.955736872192555265e-02 -4.591487244907654919e-02 1.171401385150802610e-03 9.989446563810759905e-01 9.859219658861633206e-01 0.000000000000000000e+00 0.000000000000000000e+00 0.000000000000000000e+00 1.000000000000000000e+00
9.989167482074670090e-01 -7.837131710291510289e-04 4.652787669611080368e-02 4.803009073750774682e-02 7.740582978397799602e-04 9.999996470191132580e-01 2.252144742650764864e-04 -2.118684407546231330e-02 -4.652809113339179126e-02 -1.889438783538414934e-04 9.989169317936189563e-01 9.834631490406646748e-01 0.000000000000000000e+00 0.000000000000000000e+00 0.000000000000000000e+00 1.000000000000000000e+00
9.988711998115320512e-01 -2.583801478406779623e-04 4.749859145532631111e-02 4.832982530658180842e-02 2.361111802238503865e-04 9.999998644588379282e-01 4.747484900407550334e-04 -2.241359520116423254e-02 -4.749874361638073417e-02 -4.630045574860672253e-04 9.988712641158743466e-01 9.802273238643657294e-01 0.000000000000000000e+00 0.000000000000000000e+00 0.000000000000000000e+00 1.000000000000000000e+00
9.988597450350424900e-01 4.914261766436958667e-05 4.774114036935639405e-02 4.824121412166082479e-02 -5.010191157986919330e-05 1.000000050887383640e+00 1.889839654486275000e-05 -2.412094257786351337e-02 -4.774114931666212369e-02 -2.125563048188672255e-05 9.988597521177550176e-01 9.782304072627390212e-01 0.000000000000000000e+00 0.000000000000000000e+00 0.000000000000000000e+00 1.000000000000000000e+00
9.988819566050449739e-01 -1.069471283871321204e-03 4.726298681347690378e-02 4.775400386027062183e-02 1.102415307584687573e-03 9.999991240045941199e-01 -6.711692146382716717e-04 -2.187990595928773763e-02 -4.726222653091899373e-02 7.225161223008043365e-04 9.988822880760455103e-01 9.747242309341395128e-01 0.000000000000000000e+00 0.000000000000000000e+00 0.000000000000000000e+00 1.000000000000000000e+00
9.988913291407179873e-01 -3.585676313237737278e-03 4.693933089095209121e-02 5.355698137963527117e-02 3.645961408040371970e-03 9.999926900539819474e-01 -1.198786272315371937e-03 -2.235104625599532158e-02 -4.693467016942998171e-02 1.368592543703254366e-03 9.988969951675725767e-01 9.728615918449605715e-01 0.000000000000000000e+00 0.000000000000000000e+00 0.000000000000000000e+00 1.000000000000000000e+00
9.989222791286642700e-01 1.078869828417365617e-04 4.641292344890324273e-02 4.699337597995612015e-02 -3.066920569798348151e-05 9.999985533099714496e-01 -1.664351479802633066e-03 -2.211356616043597123e-02 -4.641308746361555437e-02 1.661139937426888563e-03 9.989209394055736935e-01 9.654632126780562373e-01 0.000000000000000000e+00 0.000000000000000000e+00 0.000000000000000000e+00 1.000000000000000000e+00
9.989036048681263491e-01 -4.651874078306458826e-03 4.658203135318039756e-02 5.502999600329605556e-02 4.673083617411307594e-03 9.999890999595797414e-01 -3.461556945880336911e-04 -2.024652297891754715e-02 -4.657985577595230575e-02 5.634478367384856967e-04 9.989144234696206714e-01 9.666756999371681758e-01 0.000000000000000000e+00 0.000000000000000000e+00 0.000000000000000000e+00 1.000000000000000000e+00
9.989147186726992089e-01 -4.866642441163707145e-04 4.657522288627968798e-02 5.192493844975487605e-02 5.249488679430099058e-04 9.999994540384721242e-01 -8.099117148792807364e-04 -2.040542228798142288e-02 -4.657475444444414414e-02 8.334741443770526947e-04 9.989144040472401898e-01 9.634688422241808325e-01 0.000000000000000000e+00 0.000000000000000000e+00 0.000000000000000000e+00 1.000000000000000000e+00
9.988693985641032835e-01 4.364309697418924938e-04 4.753808139384896325e-02 4.680581349432788585e-02 -3.699688012314648888e-04 9.999989272526567108e-01 -1.406947512593879207e-03 -2.116518659544827652e-02 -4.753872638093348257e-02 1.387781788954305789e-03 9.988684540928018940e-01 9.592845034959331940e-01 0.000000000000000000e+00 0.000000000000000000e+00 0.000000000000000000e+00 1.000000000000000000e+00
9.988882167690771308e-01 -4.458899498532536976e-03 4.692991587530137565e-02 5.314637995611271037e-02 4.578577198761469430e-03 9.999866173329616803e-01 -2.442871907481759114e-03 -1.760977535246741055e-02 -4.691827715527419063e-02 2.655025437267834881e-03 9.988952233087823318e-01 9.543858525518427172e-01 0.000000000000000000e+00 0.000000000000000000e+00 0.000000000000000000e+00 1.000000000000000000e+00
9.989140228716624215e-01 -1.267182879371511750e-04 4.659084249526634913e-02 4.766131909451587489e-02 2.235505810669544124e-04 9.999977789373463155e-01 -2.072965961350762415e-03 -1.894253645285937093e-02 -4.659063096586923969e-02 2.081125126775579259e-03 9.989118889744414975e-01 9.513555358308742882e-01 0.000000000000000000e+00 0.000000000000000000e+00 0.000000000000000000e+00 1.000000000000000000e+00
9.989257765870808159e-01 -2.211150864232111490e-03 4.628634494777045250e-02 5.171302919094955541e-02 2.326366593810004491e-03 9.999943617800226559e-01 -2.435625317665401218e-03 -1.875765749609281663e-02 -4.628063829242845539e-02 2.540694261031664625e-03 9.989252742116763173e-01 9.503938535921250264e-01 0.000000000000000000e+00 0.000000000000000000e+00 0.000000000000000000e+00 1.000000000000000000e+00
9.989201305649237916e-01 -4.985004894406425136e-03 4.619113899467325313e-02 5.444800858132836652e-02 5.216411830598718935e-03 9.999744106508340336e-01 -4.890449173408323996e-03 -1.718600057179456297e-02 -4.616553250568783406e-02 5.126118633743001474e-03 9.989206262631771249e-01 9.510979255899876250e-01 0.000000000000000000e+00 0.000000000000000000e+00 0.000000000000000000e+00 1.000000000000000000e+00
9.989658560805749765e-01 -9.301876015513840801e-04 4.545830362155761639e-02 5.023649455710277323e-02 1.008969404739601394e-03 9.999979838322984316e-01 -1.710364452892104703e-03 -1.152593242333181667e-02 -4.545660947835161725e-02 1.754455596870003325e-03 9.989647232860998649e-01 9.511178387913687970e-01 0.000000000000000000e+00 0.000000000000000000e+00 0.000000000000000000e+00 1.000000000000000000e+00
9.990423143960035501e-01 -4.350265386861562611e-03 4.353736014310671809e-02 5.150588209765949443e-02 4.366372740881509229e-03 9.999905117680020217e-01 -2.747247452633654052e-04 -1.415962018833420710e-02 -4.353584442667751686e-02 4.645575883987333732e-04 9.990518555355645258e-01 9.590868168608430722e-01 0.000000000000000000e+00 0.000000000000000000e+00 0.000000000000000000e+00 1.000000000000000000e+00
9.991422512356318286e-01 -3.198960054708287204e-03 4.128582739272290691e-02 5.205566029697727970e-02 3.223000126272787536e-03 9.999946746635292039e-01 -5.158818366101033948e-04 -1.679866204501762050e-02 -4.128387148392631545e-02 6.485027641055171599e-04 9.991472113921652243e-01 9.621039169251801582e-01 0.000000000000000000e+00 0.000000000000000000e+00 0.000000000000000000e+00 1.000000000000000000e+00
9.992473306599098937e-01 -1.664958385496254079e-03 3.875523892067073151e-02 4.441818268788821911e-02 1.790337617766347977e-03 9.999932272443122772e-01 -3.200441325399823456e-03 -1.479382683518892794e-02 -3.874961764158424415e-02 3.267424437286340494e-03 9.992435794726339804e-01 9.639756764399791678e-01 0.000000000000000000e+00 0.000000000000000000e+00 0.000000000000000000e+00 1.000000000000000000e+00
9.993435785167779084e-01 -1.076055073309614696e-03 3.621071215803972621e-02 4.393134331712822416e-02 1.077847548537028133e-03 9.999993925515849869e-01 -3.006813271669989129e-05 -1.173103307773709636e-02 -3.621073596964902164e-02 6.908012809828112388e-05 9.993441573918727672e-01 9.760037088005582007e-01 0.000000000000000000e+00 0.000000000000000000e+00 0.000000000000000000e+00 1.000000000000000000e+00
9.993741623892135051e-01 -1.760354327702676192e-03 3.532982298459669268e-02 4.087859468384102968e-02 1.692764249029130030e-03 9.999967176622338583e-01 1.942884457587383540e-03 -1.265587545360541410e-02 -3.533306481111930797e-02 -1.881868477579831667e-03 9.993738742390712027e-01 9.862707320541943545e-01 0.000000000000000000e+00 0.000000000000000000e+00 0.000000000000000000e+00 1.000000000000000000e+00
9.994006096267830097e-01 -6.187820623752976479e-04 3.461426812695261868e-02 4.106780016827293878e-02 6.333250427778963632e-04 9.999997624040846134e-01 -4.091508203442964509e-04 -1.673991802519045335e-02 -3.461407089847196028e-02 4.308376910726122166e-04 9.994006348267717721e-01 9.920134657896966246e-01 0.000000000000000000e+00 0.000000000000000000e+00 0.000000000000000000e+00 1.000000000000000000e+00
9.994261921965649220e-01 2.331149800169171615e-03 3.378954541438297654e-02 3.547522172369887983e-02 -2.252557611973113327e-03 9.999946665060653883e-01 -2.363563089713568988e-03 -1.407906775130265964e-02 -3.379482713284723272e-02 2.286082541289979897e-03 9.994261959574231025e-01 9.920516885597017165e-01 0.000000000000000000e+00 0.000000000000000000e+00 0.000000000000000000e+00 1.000000000000000000e+00
9.994753583803475117e-01 1.348326133673999339e-04 3.238739916982014133e-02 3.536151185114455586e-02 -6.514458655214327987e-05 9.999976364933338413e-01 -2.152730820894234801e-03 -1.331881747230889701e-02 -3.238770020864728538e-02 2.149500901505238884e-03 9.994730296349281229e-01 9.998802220131182139e-01 0.000000000000000000e+00 0.000000000000000000e+00 0.000000000000000000e+00 1.000000000000000000e+00
9.995029196225464485e-01 -1.693960711388206586e-03 3.148125301186857627e-02 3.806976013216711863e-02 1.714768812728195702e-03 9.999983124747336971e-01 -6.340538507963282278e-04 -1.325118552109266767e-02 -3.148010260613354205e-02 6.877139565377825281e-04 9.995041681236845887e-01 1.014723753849843035e+00 0.000000000000000000e+00 0.000000000000000000e+00 0.000000000000000000e+00 1.000000000000000000e+00
9.995105808505875267e-01 -1.629612327788632076e-03 3.124032304149423900e-02 3.717095123504776666e-02 1.625586508496770777e-03 9.999986645271784491e-01 1.539418941724594869e-04 -1.280373544662072316e-02 -3.124050810870732109e-02 -1.030884113459931695e-04 9.995118947052923364e-01 1.026297326379825847e+00 0.000000000000000000e+00 0.000000000000000000e+00 0.000000000000000000e+00 1.000000000000000000e+00
9.995168012187218842e-01 1.244339138435801573e-03 3.105936313310982133e-02 3.393433606058593455e-02 -1.278749303387019531e-03 9.999986326882484011e-01 1.088250374177444912e-03 -1.321963117339042260e-02 -3.105796631061567836e-02 -1.127430935389492003e-03 9.995169117591840013e-01 1.038709200427263113e+00 0.000000000000000000e+00 0.000000000000000000e+00 0.000000000000000000e+00 1.000000000000000000e+00
9.995530267506709254e-01 -7.058355766861174052e-04 2.988832796862400665e-02 3.246542449409517417e-02 7.099636550493004794e-04 9.999997346151124900e-01 -1.275088432245571543e-04 -1.255664048936636079e-02 -2.988822559376293209e-02 1.486638225594036702e-04 9.995532838563692124e-01 1.052206269527264482e+00 0.000000000000000000e+00 0.000000000000000000e+00 0.000000000000000000e+00 1.000000000000000000e+00
9.996109311742854553e-01 -2.773605776759890951e-03 2.775191745840574487e-02 3.535845518296554246e-02 2.796430869611996051e-03 9.999957685434731625e-01 -7.835814203692196764e-04 -1.148628393553752236e-02 -2.774962949078226687e-02 8.608817990762417799e-04 9.996144715862638197e-01 1.063589259539380549e+00 0.000000000000000000e+00 0.000000000000000000e+00 0.000000000000000000e+00 1.000000000000000000e+00
9.996648879859829639e-01 -4.393615197796255090e-03 2.551147314497490687e-02 3.411383232559117573e-02 4.414817084264832658e-03 9.999899363403323971e-01 -7.752143700746898410e-04 -1.106015855202696629e-02 -2.550781568945641870e-02 8.875861245741314964e-04 9.996743081210647253e-01 1.077187468278882676e+00 0.000000000000000000e+00 0.000000000000000000e+00 0.000000000000000000e+00 1.000000000000000000e+00
9.997257494116623677e-01 -4.505789255668718463e-03 2.298147685238777910e-02 3.350921147136887157e-02 4.517908995907621295e-03 9.999896756446844392e-01 -4.753751245811193953e-04 -1.058754352134078092e-02 -2.297909366280762034e-02 5.790710146347786448e-04 9.997357543544851399e-01 1.091795024273537251e+00 0.000000000000000000e+00 0.000000000000000000e+00 0.000000000000000000e+00 1.000000000000000000e+00
9.997660791012772385e-01 -6.178052427918606648e-03 2.072673682231881975e-02 3.265825544928091517e-02 6.180606647510730745e-03 9.999809468130446133e-01 -5.853280923396523942e-05 -1.116620230861908869e-02 -2.072598405763981938e-02 1.866214226851606230e-04 9.997851432968906105e-01 1.103486903858197365e+00 0.000000000000000000e+00 0.000000000000000000e+00 0.000000000000000000e+00 1.000000000000000000e+00
9.998270378447419171e-01 -4.704495485818263600e-03 1.799628112907330352e-02 3.090647106327537585e-02 4.690261812497542593e-03 9.999885806680545164e-01 8.319794438678305634e-04 -1.182146247046256260e-02 -1.799999093785835044e-02 -7.474267128452138833e-04 9.998377004733414175e-01 1.115720540105321845e+00 0.000000000000000000e+00 0.000000000000000000e+00 0.000000000000000000e+00 1.000000000000000000e+00
9.998685356562855286e-01 -3.473343688104979510e-03 1.583746098688011347e-02 2.670093064077150302e-02 3.476706071491711403e-03 9.999939795163815814e-01 -1.846595010639258058e-04 -1.357186002000021485e-02 -1.583671741880385633e-02 2.396987963998080742e-04 9.998745963600080833e-01 1.129058974025387130e+00 0.000000000000000000e+00 0.000000000000000000e+00 0.000000000000000000e+00 1.000000000000000000e+00
9.998891049219037486e-01 -2.735292571817926621e-03 1.463645334701996203e-02 2.406076935272238870e-02 2.724901114846467465e-03 9.999960370479079597e-01 7.305212336516896110e-04 -1.404288394378938598e-02 -1.463839731581612763e-02 -6.905568173283241004e-04 9.998925903767088563e-01 1.135028903962361113e+00 0.000000000000000000e+00 0.000000000000000000e+00 0.000000000000000000e+00 1.000000000000000000e+00
9.999087560188388846e-01 -3.953178605890367292e-04 1.350235168251125856e-02 1.903483092705116064e-02 3.804290264889237383e-04 9.999992672202606681e-01 1.104920844578364397e-03 -1.454978189039157765e-02 -1.350278519412193012e-02 -1.099680559928640361e-03 9.999082786334867468e-01 1.142349434500538052e+00 0.000000000000000000e+00 0.000000000000000000e+00 0.000000000000000000e+00 1.000000000000000000e+00
9.999220244775357536e-01 -2.356468932794564264e-05 1.248897230341813880e-02 1.631348495835638346e-02 2.288548024889647259e-05 1.000000058930170521e+00 5.523083154528561634e-05 -1.584739643824284450e-02 -1.248897263397291679e-02 -5.494218108868624550e-05 9.999220050738488741e-01 1.149276047027910863e+00 0.000000000000000000e+00 0.000000000000000000e+00 0.000000000000000000e+00 1.000000000000000000e+00
9.999341428721838509e-01 -2.750767206638193851e-04 1.147079858526695029e-02 1.656467477027945279e-02 3.069569770361019190e-04 9.999961136403296980e-01 -2.777892959433481135e-03 -1.565553190937829520e-02 -1.146999026368555885e-02 2.781229355999535052e-03 9.999302881974824198e-01 1.161365873048310959e+00 0.000000000000000000e+00 0.000000000000000000e+00 0.000000000000000000e+00 1.000000000000000000e+00
9.999458893520251079e-01 -7.938720670103011079e-04 1.037150749662388294e-02 1.640741410360746499e-02 8.329521531386802069e-04 9.999925408436400875e-01 -3.764307485479500073e-03 -1.296623787015793727e-02 -1.036841505696814436e-02 3.772746632892898244e-03 9.999391235091061869e-01 1.179825280348683947e+00 0.000000000000000000e+00 0.000000000000000000e+00 0.000000000000000000e+00 1.000000000000000000e+00
9.999520300973241405e-01 -1.212066753962529053e-03 9.719509714997326411e-03 1.672763841180113786e-02 1.238560817630754429e-03 9.999955039235325360e-01 -2.720166920462362137e-03 -9.609258294463463024e-03 -9.716211534717161813e-03 2.732075438184588048e-03 9.999490795441462465e-01 1.203468628595167900e+00 0.000000000000000000e+00 0.000000000000000000e+00 0.000000000000000000e+00 1.000000000000000000e+00
9.999704580164845424e-01 5.745992705742664075e-05 7.691731692671288645e-03 1.179636941047945697e-02 -4.785199512119531207e-05 9.999992726259082643e-01 -1.249602874956354595e-03 -7.930958866493087456e-03 -7.691850496710866958e-03 1.249199839333026141e-03 9.999696624840631598e-01 1.227865151791256437e+00 0.000000000000000000e+00 0.000000000000000000e+00 0.000000000000000000e+00 1.000000000000000000e+00
9.999822340692113842e-01 4.185986990792450735e-04 5.949454047681490554e-03 9.301206622971847082e-03 -4.148911734444399313e-04 9.999997256426401693e-01 -6.244204065263703890e-04 -7.286635421553722125e-03 -5.949636335289179567e-03 6.219341426921525667e-04 9.999820633072817877e-01 1.251854548471158068e+00 0.000000000000000000e+00 0.000000000000000000e+00 0.000000000000000000e+00 1.000000000000000000e+00
9.999857644114664712e-01 -1.090685028055413119e-03 5.221067350426850107e-03 9.778403002950852851e-03 1.098341726397042417e-03 9.999982454660055753e-01 -1.471349855477038435e-03 -8.098346834214398271e-03 -5.219469799852410885e-03 1.477054442739747855e-03 9.999853525166431112e-01 1.269268892252796377e+00 0.000000000000000000e+00 0.000000000000000000e+00 0.000000000000000000e+00 1.000000000000000000e+00
9.999892920180964984e-01 6.714703681061778839e-04 4.569374569651424300e-03 7.323549630758208195e-03 -6.621205996313606068e-04 9.999977564154974852e-01 -2.037116423626059852e-03 -7.146482522934372028e-03 -4.570823030322329616e-03 2.034087557411150618e-03 9.999875020102924061e-01 1.294906748202038216e+00 0.000000000000000000e+00 0.000000000000000000e+00 0.000000000000000000e+00 1.000000000000000000e+00
9.999911740047660036e-01 -3.272653188471918995e-04 4.185579650555631970e-03 8.023371722654104587e-03 3.317284922492724775e-04 9.999993462316451032e-01 -1.064642092431022230e-03 -7.337022169430884588e-03 -4.185131594268698407e-03 1.066010392593163755e-03 9.999906221124181815e-01 1.315925021415516483e+00 0.000000000000000000e+00 0.000000000000000000e+00 0.000000000000000000e+00 1.000000000000000000e+00
9.999951276692360391e-01 1.979991962748200995e-04 3.128052740436260137e-03 5.688379890408157280e-03 -2.007902378556997158e-04 9.999995559656252864e-01 8.881755423894681367e-04 -7.019809733885384873e-03 -3.127851249542235035e-03 -8.888002746743860205e-04 9.999947407217458784e-01 1.341400590759626255e+00 0.000000000000000000e+00 0.000000000000000000e+00 0.000000000000000000e+00 1.000000000000000000e+00
9.999970464286085381e-01 -6.316942763190530608e-04 2.337829546480207910e-03 5.795976523707224715e-03 6.257257953462685984e-04 9.999966255782993807e-01 2.552582247133146701e-03 -6.145271739480095974e-03 -2.339476664050404997e-03 -2.551113260688908646e-03 9.999940366764605848e-01 1.364909498413879874e+00 0.000000000000000000e+00 0.000000000000000000e+00 0.000000000000000000e+00 1.000000000000000000e+00
9.999973849615424459e-01 -7.689111151192029592e-05 2.304795877524995484e-03 4.787722766103286176e-03 7.462178040024136649e-05 9.999994740971591689e-01 9.950722141781106339e-04 -8.082600908461801126e-03 -2.304905171689020094e-03 -9.948808644123282446e-04 9.999968433573285242e-01 1.383993987379618318e+00 0.000000000000000000e+00 0.000000000000000000e+00 0.000000000000000000e+00 1.000000000000000000e+00
9.999953618312897863e-01 -2.275924065084269921e-03 2.033013738915595559e-03 6.275577486704264629e-03 2.276718966548060830e-03 9.999973138884357127e-01 -3.807269755493579433e-04 -7.809084441797287113e-03 -2.032131852872459676e-03 3.853383853818052873e-04 9.999978417547159548e-01 1.404927512085890839e+00 0.000000000000000000e+00 0.000000000000000000e+00 0.000000000000000000e+00 1.000000000000000000e+00
9.999993675967310258e-01 2.567684922028107275e-04 1.021111436618288293e-03 3.598126635782961102e-03 -2.562033207752778541e-04 9.999997909968155740e-01 -5.789889720941715501e-04 -8.697270631202069779e-03 -1.021196954075459518e-03 5.787289656780103542e-04 9.999993096050856511e-01 1.424542921285116392e+00 0.000000000000000000e+00 0.000000000000000000e+00 0.000000000000000000e+00 1.000000000000000000e+00
9.999976689576389743e-01 -2.077255454822971026e-03 5.523126506858377915e-04 5.531347377544904020e-03 2.077498537139524371e-03 9.999977046980677020e-01 -5.407406836463214683e-04 -7.349517686959572416e-03 -5.511642890974610687e-04 5.418751294285865938e-04 9.999996710440313130e-01 1.448198795468464084e+00 0.000000000000000000e+00 0.000000000000000000e+00 0.000000000000000000e+00 1.000000000000000000e+00
9.999999801524898091e-01 4.735769534248285284e-04 8.112877192725798103e-05 2.870196371340227870e-03 -4.734812332559817927e-04 9.999996666927680744e-01 -5.922955500935710160e-04 -9.676962680148060159e-03 -8.150580039575916480e-05 5.922717205013132424e-04 9.999998502412745793e-01 1.463966939552378221e+00 0.000000000000000000e+00 0.000000000000000000e+00 0.000000000000000000e+00 1.000000000000000000e+00
9.999998538497216760e-01 -4.646124754903446785e-05 -5.313043568342390444e-04 2.155973835872515565e-03 4.580615386293174218e-05 9.999992515793748593e-01 -1.253488720135351175e-03 -1.112105602354818146e-02 5.313622500764947354e-04 1.253463293487654118e-03 9.999990796413008587e-01 1.486881317982906126e+00 0.000000000000000000e+00 0.000000000000000000e+00 0.000000000000000000e+00 1.000000000000000000e+00
9.999991830270107407e-01 -3.280661095628467638e-04 -1.201108719416393855e-03 1.258038388503024407e-03 3.281370097130698049e-04 9.999999810988428051e-01 7.261961353009077635e-06 -9.384431246527213943e-03 1.201147996796048112e-03 -7.656355722140961717e-06 9.999992431816076000e-01 1.510593600328611785e+00 0.000000000000000000e+00 0.000000000000000000e+00 0.000000000000000000e+00 1.000000000000000000e+00
9.999984595285675848e-01 9.335781087502353914e-04 -1.510622151989909900e-03 -5.577026149410357903e-04 -9.319599455027832713e-04 9.999989241768636461e-01 1.101357841437521079e-03 -1.066631470284984395e-02 1.511674883516972434e-03 -1.099947893098690913e-03 9.999982702589521599e-01 1.530088245954260628e+00 0.000000000000000000e+00 0.000000000000000000e+00 0.000000000000000000e+00 1.000000000000000000e+00
9.999988841480934587e-01 -9.664486306339564736e-04 -1.147746061729931766e-03 1.825428598088763010e-03 9.657011043390645311e-04 9.999994020558999885e-01 -6.099345911744456783e-04 -1.127568287384872470e-02 1.148374994306838870e-03 6.088139328468862577e-04 9.999991566407719912e-01 1.551854592337036820e+00 0.000000000000000000e+00 0.000000000000000000e+00 0.000000000000000000e+00 1.000000000000000000e+00
9.999991597902904150e-01 8.811530530246358683e-05 -1.223557680780973378e-03 -9.169750001092324965e-05 -8.922608173825286038e-05 9.999995195709502349e-01 -9.038185347778997236e-04 -9.676547396740176055e-03 1.223406717986263992e-03 9.039327569974678345e-04 9.999988533582176986e-01 1.569033221893540997e+00 0.000000000000000000e+00 0.000000000000000000e+00 0.000000000000000000e+00 1.000000000000000000e+00
9.999991044722201794e-01 -1.000823646374701670e-03 -9.748356863074902900e-04 1.123791584607403138e-03 1.000318517910908644e-03 9.999993577905044173e-01 -5.208657613745299592e-04 -1.096804359330594281e-02 9.754603584963272844e-04 5.198900940915802960e-04 9.999993821248504000e-01 1.598225358454953948e+00 0.000000000000000000e+00 0.000000000000000000e+00 0.000000000000000000e+00 1.000000000000000000e+00
9.999992620904508689e-01 4.525352032532653501e-04 -1.058360356972654071e-03 -1.875722825950276729e-04 -4.525584218719042040e-04 9.999999005702057131e-01 1.239523602258874035e-06 -1.079052986800110858e-02 1.058217423715840377e-03 -7.596981041087247366e-07 9.999994065551549571e-01 1.615032943648522235e+00 0.000000000000000000e+00 0.000000000000000000e+00 0.000000000000000000e+00 1.000000000000000000e+00
9.999980385940545613e-01 -1.755441043796199252e-03 -9.572439780771713203e-04 2.575509930569097605e-03 1.757379523762897522e-03 9.999964527219048493e-01 2.014875987169543331e-03 -1.080518787736450825e-02 9.537275380833432070e-04 -2.016552911027062397e-03 9.999974929410483382e-01 1.634917253043681740e+00 0.000000000000000000e+00 0.000000000000000000e+00 0.000000000000000000e+00 1.000000000000000000e+00
9.999988966647593847e-01 -1.277852483885719148e-03 -6.927441179744309174e-04 3.795045840718103136e-03 1.279194262621560774e-03 9.999973096614565016e-01 1.960799966954245022e-03 -1.385339519060457825e-02 6.903259533341532528e-04 -1.961691166914778656e-03 9.999979230744147074e-01 1.650465721907949046e+00 0.000000000000000000e+00 0.000000000000000000e+00 0.000000000000000000e+00 1.000000000000000000e+00
9.999985792411084651e-01 -1.528834444616641863e-03 -7.825533153511254891e-04 2.348245519513625368e-03 1.528606896674084004e-03 9.999986959699671552e-01 -3.107603123532736572e-04 -1.604508739962207109e-02 7.830133013039530798e-04 3.095696747344549304e-04 9.999995609807408314e-01 1.659732315103134681e+00 0.000000000000000000e+00 0.000000000000000000e+00 0.000000000000000000e+00 1.000000000000000000e+00
9.999965582448887558e-01 -2.394000580246316567e-03 -1.067535220413473596e-03 4.443684858959073836e-03 2.391826994453866151e-03 9.999951772608987044e-01 -1.990050752792725877e-03 -1.805406201632586694e-02 1.072231089443820284e-03 1.987486625733041884e-03 9.999974494254801893e-01 1.677082081001387337e+00 0.000000000000000000e+00 0.000000000000000000e+00 0.000000000000000000e+00 1.000000000000000000e+00
9.999994965721479279e-01 7.407501855011267011e-04 -6.542312753264056813e-04 3.629139930296787497e-04 -7.404842897569541282e-04 9.999997672036611274e-01 1.976131647180683071e-04 -1.738369182299415172e-02 6.543435405453323916e-04 -1.971148630837311899e-04 9.999997818836158237e-01 1.690547146704091119e+00 0.000000000000000000e+00 0.000000000000000000e+00 0.000000000000000000e+00 1.000000000000000000e+00
9.999998751952756670e-01 -3.949389080814547093e-04 -2.055310096150120280e-04 2.640792869748054272e-03 3.949425364723202492e-04 9.999997770826108967e-01 4.327294523601733778e-04 -1.762487870231455034e-02 2.053746624588181913e-04 -4.328122712540585781e-04 9.999999368579777226e-01 1.704937767795001946e+00 0.000000000000000000e+00 0.000000000000000000e+00 0.000000000000000000e+00 1.000000000000000000e+00
9.999998137948189481e-01 6.856141884806626896e-04 -2.279207857235621137e-04 -6.631892209085776813e-05 -6.852328121464551502e-04 9.999987196054433980e-01 1.458803959998283828e-03 -1.668073795067437359e-02 2.289516077889908185e-04 -1.458646376945640574e-03 9.999988350024832107e-01 1.725832639111374078e+00 0.000000000000000000e+00 0.000000000000000000e+00 0.000000000000000000e+00 1.000000000000000000e+00
9.999981552535764928e-01 -1.859553691822016241e-03 -4.012000935431914161e-04 3.538417519212799789e-03 1.859526190590474193e-03 9.999982535994456079e-01 -5.930529422559088770e-06 -1.722268862676790135e-02 4.011896084919752692e-04 5.172442511948427413e-06 9.999999194621601584e-01 1.738223422477261693e+00 0.000000000000000000e+00 0.000000000000000000e+00 0.000000000000000000e+00 1.000000000000000000e+00
9.999997744293577240e-01 -6.858763047236232646e-04 -1.412986556692530371e-05 1.758606266815121444e-03 6.858836805641171930e-04 9.999997439528746090e-01 -8.692508112307165136e-05 -1.833775969198558897e-02 1.416932500855616617e-05 8.691923992489719586e-05 1.000000013282135836e+00 1.755249636283949144e+00 0.000000000000000000e+00 0.000000000000000000e+00 0.000000000000000000e+00 1.000000000000000000e+00
9.999998841871672317e-01 -4.916952456118922621e-04 -1.472330007445954436e-05 2.732876296683173223e-03 4.916596747355367336e-04 9.999994932992153363e-01 -9.636018368799365713e-04 -1.880864224731482182e-02 1.518672071013082991e-05 9.635948883458811398e-04 9.999995251457222123e-01 1.771425028849918704e+00 0.000000000000000000e+00 0.000000000000000000e+00 0.000000000000000000e+00 1.000000000000000000e+00
9.999997981285038140e-01 5.258788164846511792e-04 3.341971106714247686e-04 9.051251412195426838e-04 -5.255938389865238980e-04 9.999994602249439035e-01 -7.742793510394675727e-04 -1.889920589184490574e-02 -3.345261074016447900e-04 7.741056008271386679e-04 9.999997177938668713e-01 1.781577376491767950e+00 0.000000000000000000e+00 0.000000000000000000e+00 0.000000000000000000e+00 1.000000000000000000e+00
9.999987421372258378e-01 1.111337779720542041e-03 1.130985124795369501e-03 1.960778679936936442e-03 -1.110823706340233197e-03 9.999993417452893718e-01 -4.440404208084884619e-04 -1.992796287825093771e-02 -1.131510820920250682e-03 4.427815198371001792e-04 9.999992615547174113e-01 1.796196942413246234e+00 0.000000000000000000e+00 0.000000000000000000e+00 0.000000000000000000e+00 1.000000000000000000e+00
9.999990990486020692e-01 5.939411023142271429e-04 1.183756641221639372e-03 1.569201940494480141e-03 -5.928705055942146140e-04 9.999994198966495329e-01 -9.077842899305049729e-04 -2.077081980654638116e-02 -1.184262534942276401e-03 9.070877315474172586e-04 9.999988316190616677e-01 1.810638552271257140e+00 0.000000000000000000e+00 0.000000000000000000e+00 0.000000000000000000e+00 1.000000000000000000e+00
9.999989072063653062e-01 1.135408202410329026e-03 1.014378430193696445e-03 -1.031042463743858661e-04 -1.135861292003589873e-03 9.999992443657971242e-01 4.499698717534278414e-04 -1.903530629392502505e-02 -1.013951045275018892e-03 -4.511184599900810999e-04 9.999994307050095177e-01 1.831950544858159446e+00 0.000000000000000000e+00 0.000000000000000000e+00 0.000000000000000000e+00 1.000000000000000000e+00
9.999994163889148746e-01 -1.665728120512910415e-04 9.982258777079811018e-04 2.436533856499778494e-03 1.660149797652749060e-04 9.999998161742549296e-01 5.332190303303577239e-04 -1.818856292227888360e-02 -9.982969925720064364e-04 -5.330679643408831048e-04 9.999993571883470933e-01 1.843192513107638320e+00 0.000000000000000000e+00 0.000000000000000000e+00 0.000000000000000000e+00 1.000000000000000000e+00
9.999965259131506912e-01 2.617788135619372736e-03 4.408753408227661374e-04 -7.368009516781626189e-04 -2.618091051284882065e-03 9.999963825687292474e-01 6.367954298027236892e-04 -1.822491356099464888e-02 -4.391666036734076517e-04 -6.379450452055485110e-04 9.999996858861088800e-01 1.860224109908813261e+00 0.000000000000000000e+00 0.000000000000000000e+00 0.000000000000000000e+00 1.000000000000000000e+00
9.999989426214567212e-01 1.893502878598241068e-04 1.410964510029422136e-03 4.467961362099259759e-03 -1.877567425840331872e-04 9.999993582834603156e-01 -1.125835256253527455e-03 -1.882407411355890847e-02 -1.411146956587172596e-03 1.125573927143214137e-03 9.999983399764994507e-01 1.871620407640989470e+00 0.000000000000000000e+00 0.000000000000000000e+00 0.000000000000000000e+00 1.000000000000000000e+00
9.999959114097866086e-01 1.068445275194951360e-03 2.643897851949211786e-03 3.418634966138256459e-03 -1.064429420930337877e-03 9.999983229305957622e-01 -1.517214881700078635e-03 -1.802652667905646489e-02 -2.645562698268238977e-03 1.514389407651247493e-03 9.999954091475027340e-01 1.890632520797112193e+00 0.000000000000000000e+00 0.000000000000000000e+00 0.000000000000000000e+00 1.000000000000000000e+00
9.999922972771930763e-01 -7.890107542515428785e-04 3.860447842983893985e-03 6.494725035249615530e-03 7.883594509363600622e-04 9.999996576204776000e-01 1.669366888477769040e-04 -1.518897831782206609e-02 -3.860534696052436709e-03 -1.638859690976796069e-04 9.999924936523335584e-01 1.903622932789190259e+00 0.000000000000000000e+00 0.000000000000000000e+00 0.000000000000000000e+00 1.000000000000000000e+00
9.999861186062147800e-01 2.226238010871184336e-03 4.761295401834370056e-03 3.469271223995207265e-03 -2.226657088153352615e-03 9.999975308575005384e-01 8.518715829612666379e-05 -2.118546283216438120e-02 -4.761088649749917190e-03 -9.579746029309346711e-05 9.999886543616266499e-01 1.914991745632377729e+00 0.000000000000000000e+00 0.000000000000000000e+00 0.000000000000000000e+00 1.000000000000000000e+00
9.999855158912855924e-01 2.204497948707556665e-03 4.927230850649444438e-03 3.382310518972531099e-03 -2.208341949406472660e-03 9.999972361828831646e-01 7.696741246469608611e-04 -2.263141394628820358e-02 -4.925485790569089639e-03 -7.805351816560709977e-04 9.999876316809367394e-01 1.925325680822453478e+00 0.000000000000000000e+00 0.000000000000000000e+00 0.000000000000000000e+00 1.000000000000000000e+00
9.999881517623111504e-01 9.082095616614466183e-04 4.771122505703606631e-03 3.869773529036280024e-03 -9.013369417872757472e-04 9.999985176998985592e-01 -1.439447903409895452e-03 -2.595065784486438876e-02 -4.772455818244591974e-03 1.435134000066198151e-03 9.999875172857234373e-01 1.930823451793884260e+00 0.000000000000000000e+00 0.000000000000000000e+00 0.000000000000000000e+00 1.000000000000000000e+00
9.999886154979803488e-01 -5.649071703397040567e-04 4.750823693485506372e-03 6.216287017647204038e-03 5.710503295935365209e-04 9.999990838785427494e-01 -1.283389695572751538e-03 -2.391793984394630090e-02 -4.750146863825133181e-03 1.286089135623960655e-03 9.999879136321737638e-01 1.944964893726861987e+00 0.000000000000000000e+00 0.000000000000000000e+00 0.000000000000000000e+00 1.000000000000000000e+00
9.999889773792087766e-01 2.400140997080163485e-04 4.676948555034837751e-03 5.909785115445487236e-03 -2.315168579406501337e-04 9.999983224854992470e-01 -1.812404461011368068e-03 -2.606597176869906995e-02 -4.677335698037327072e-03 1.811295501839404326e-03 9.999874433678499486e-01 1.953452286079667033e+00 0.000000000000000000e+00 0.000000000000000000e+00 0.000000000000000000e+00 1.000000000000000000e+00
9.999874777692914218e-01 1.014267446744598899e-03 4.896411111414950001e-03 4.719433440051545858e-03 -1.009361762914676164e-03 9.999989154555535276e-01 -1.014018796339756501e-03 -2.603232400010346836e-02 -4.897427623433175947e-03 1.009065398496589855e-03 9.999874961075861934e-01 1.967815829479903300e+00 0.000000000000000000e+00 0.000000000000000000e+00 0.000000000000000000e+00 1.000000000000000000e+00
9.999848315088459838e-01 2.132814119777823314e-03 5.086898198996853138e-03 2.784051514467478228e-03 -2.136687523886127149e-03 9.999974491749810124e-01 7.579486314330148578e-04 -2.347734521370714589e-02 -5.085344978545541794e-03 -7.687999422791164106e-04 9.999867237100203976e-01 1.979170201485885627e+00 0.000000000000000000e+00 0.000000000000000000e+00 0.000000000000000000e+00 1.000000000000000000e+00
9.999833590614892742e-01 1.824722521112209783e-03 5.467765446409450503e-03 1.143039779783805443e-03 -1.823585452949208485e-03 9.999983752875456489e-01 -2.115827706418993426e-04 -2.448533470207125973e-02 -5.468048665684427379e-03 2.015997959929176353e-04 9.999850311775606571e-01 1.989740680981881837e+00 0.000000000000000000e+00 0.000000000000000000e+00 0.000000000000000000e+00 1.000000000000000000e+00
9.999831464806803183e-01 9.124832389389991860e-04 5.738589921230663471e-03 3.204440804498887019e-03 -9.167187345935495779e-04 9.999993088506784478e-01 7.334021667091371322e-04 -2.335962395979196415e-02 -5.737979900423184620e-03 -7.386436395081207029e-04 9.999833039210197505e-01 2.001084614311835708e+00 0.000000000000000000e+00 0.000000000000000000e+00 0.000000000000000000e+00 1.000000000000000000e+00
9.999841272289220484e-01 -1.672624930509902796e-05 5.630847769027030880e-03 3.501155837685843153e-03 1.609375456929074133e-05 9.999999642661872024e-01 1.133400221160867083e-04 -2.432810816571862045e-02 -5.630765038486695850e-03 -1.132504001226351809e-04 9.999840822025810594e-01 2.008999947427554389e+00 0.000000000000000000e+00 0.000000000000000000e+00 0.000000000000000000e+00 1.000000000000000000e+00
9.999842975030807102e-01 -6.367414475374200133e-04 5.572635027434158506e-03 5.503723280160244258e-03 6.438892860946843211e-04 9.999989469417817078e-01 -1.281061660670587687e-03 -2.570913106981009832e-02 -5.571797091164315541e-03 1.284626966206705440e-03 9.999836832597918113e-01 2.016022254353146081e+00 0.000000000000000000e+00 0.000000000000000000e+00 0.000000000000000000e+00 1.000000000000000000e+00
9.999829140644989067e-01 2.979083174006608159e-04 5.829276481239292762e-03 3.649198247551055374e-03 -2.915670578421403203e-04 9.999993804601766678e-01 -1.088606753734993465e-03 -2.445464774521988183e-02 -5.829701731969005873e-03 1.086895929985277204e-03 9.999824087414944662e-01 2.026002865075341219e+00 0.000000000000000000e+00 0.000000000000000000e+00 0.000000000000000000e+00 1.000000000000000000e+00
9.999814651788688780e-01 -5.300768116672377461e-04 6.076508022712423518e-03 7.062578667209606920e-03 5.293191055600610095e-04 9.999998904095699359e-01 1.256801337268798058e-04 -2.477123640135681093e-02 -6.076545196477128874e-03 -1.224637525324735743e-04 9.999815626386264755e-01 2.041455507378728385e+00 0.000000000000000000e+00 0.000000000000000000e+00 0.000000000000000000e+00 1.000000000000000000e+00
