9.999966999999496675e-01 -2.220141008981678810e-03 -1.303943023292042022e-03 5.542523964699181370e-03 2.223602990645810479e-03 9.999940000006570795e-01 2.659560760775821295e-03 -3.047694036583788527e-02 1.298030106003019227e-03 -2.662451505429056821e-03 9.999956999989640938e-01 1.528975152904677781e+00 0.000000000000000000e+00 0.000000000000000000e+00 0.000000000000000000e+00 1.000000000000000000e+00
9.999985333902533524e-01 -7.879793766833546051e-04 -1.519931762151164201e-03 2.033282056838513034e-03 7.893164879838835291e-04 9.999992940705434430e-01 8.793682186075775162e-04 -3.370913123369183306e-02 1.519239104828259707e-03 -8.805669331267765298e-04 9.999984141848407004e-01 1.523348314561314032e+00 0.000000000000000000e+00 0.000000000000000000e+00 0.000000000000000000e+00 1.000000000000000000e+00
9.999986556069112575e-01 8.795489548219276484e-04 -1.381190860245225336e-03 1.779596447044892032e-03 -8.800894815142323727e-04 9.999995578958950082e-01 -3.915227088215462135e-04 -3.361021344205401828e-02 1.380844939457561218e-03 3.927384082170757088e-04 9.999990006914047935e-01 1.513797466494154254e+00 0.000000000000000000e+00 0.000000000000000000e+00 0.000000000000000000e+00 1.000000000000000000e+00
9.999988629921775507e-01 6.037869908244943191e-04 -1.437984832670315301e-03 -3.610139780036217966e-03 -6.037150663668791172e-04 9.999997660116503040e-01 5.156262723192937825e-05 -2.707591066145624559e-02 1.438015627144464785e-03 -5.069480134826248596e-05 9.999989005957156118e-01 1.513048782178956664e+00 0.000000000000000000e+00 0.000000000000000000e+00 0.000000000000000000e+00 1.000000000000000000e+00
9.999990930152021784e-01 -1.038606597097101441e-04 -1.281751745643366740e-03 -3.153792244495811498e-03 1.044445615480972794e-04 9.999999124758057745e-01 4.553609594210900231e-04 -2.561230683703261124e-02 1.281704065719162580e-03 -4.554942207927225109e-04 9.999990835552466928e-01 1.535854308692594650e+00 0.000000000000000000e+00 0.000000000000000000e+00 0.000000000000000000e+00 1.000000000000000000e+00
9.999987979905067270e-01 -1.151190664062921068e-04 -1.589667720657225204e-03 -3.051053182196596103e-03 1.154068787375486544e-04 9.999999494348015272e-01 1.808766265398776586e-04 -2.692159799261031883e-02 1.589646707676072371e-03 -1.810590807266084651e-04 9.999987617466926659e-01 1.483787320610397309e+00 0.000000000000000000e+00 0.000000000000000000e+00 0.000000000000000000e+00 1.000000000000000000e+00
9.999968192971209202e-01 -1.789143365370692886e-03 -1.772688166817274966e-03 -3.651352326365028822e-04 1.787649196690612244e-03 9.999980558663329466e-01 -8.447973611401932668e-04 -2.714083759858168521e-02 1.774196878876650729e-03 8.416249601231689213e-04 9.999980448957859203e-01 1.500186432822580684e+00 0.000000000000000000e+00 0.000000000000000000e+00 0.000000000000000000e+00 1.000000000000000000e+00
9.999983647322079339e-01 -1.180241475878791727e-03 -1.350564563357895334e-03 -1.818300794815416732e-03 1.180641720298112674e-03 9.999992924763574376e-01 2.954919904756387293e-04 -1.910069627117558233e-02 1.350216303672527665e-03 -2.970851465086917810e-04 9.999990683439117234e-01 1.494937030572312864e+00 0.000000000000000000e+00 0.000000000000000000e+00 0.000000000000000000e+00 1.000000000000000000e+00
9.999991672040284829e-01 -3.813444671845458371e-05 -1.270480585327544293e-03 -2.734887479712858060e-03 3.828245165285997919e-05 9.999999616640798950e-01 1.165651491346207831e-04 -2.161343434951412679e-02 1.270469561817621704e-03 -1.166144032050272193e-04 9.999991538589487750e-01 1.493209234608563918e+00 0.000000000000000000e+00 0.000000000000000000e+00 0.000000000000000000e+00 1.000000000000000000e+00
9.999991900395994726e-01 5.257228681293289003e-04 -1.168993615248959533e-03 -6.724870993971787669e-03 -5.261428311336861308e-04 9.999997681526490156e-01 -3.585877574593344594e-04 -2.410799421748560656e-02 1.168817403178881720e-03 3.592027745375888856e-04 9.999992407420718044e-01 1.488706545701896644e+00 0.000000000000000000e+00 0.000000000000000000e+00 0.000000000000000000e+00 1.000000000000000000e+00
9.999986561879601332e-01 1.596657161491385176e-03 -4.754391292330940877e-04 -9.790264514073721003e-03 -1.596353775604631526e-03 9.999985957478789711e-01 6.374973658819513625e-04 -2.876202622890938754e-02 4.764493784746390986e-04 -6.367378212333170938e-04 9.999997429449997144e-01 1.484653383827069462e+00 0.000000000000000000e+00 0.000000000000000000e+00 0.000000000000000000e+00 1.000000000000000000e+00
9.999986673691078076e-01 1.559819465301395553e-03 -4.426143826970815182e-04 -1.290584577365112839e-02 -1.559500524309977501e-03 9.999984480114475494e-01 7.204375567770112017e-04 -2.844636576145609386e-02 4.437356516307430776e-04 -7.197468639880224596e-04 9.999995913281261029e-01 1.482659898430156886e+00 0.000000000000000000e+00 0.000000000000000000e+00 0.000000000000000000e+00 1.000000000000000000e+00
9.999993355646629167e-01 1.016576939577408653e-03 -5.729123104850231823e-04 -1.101703463032582819e-02 -1.016110059844563740e-03 9.999992191687211429e-01 8.155961822430375305e-04 -2.987768088120557053e-02 5.737394464371790848e-04 -8.150132502298280263e-04 9.999995629413056530e-01 1.473834288365353018e+00 0.000000000000000000e+00 0.000000000000000000e+00 0.000000000000000000e+00 1.000000000000000000e+00
9.999998910872525126e-01 -2.231189658627046090e-06 -4.360700534643633525e-04 -9.893279529706533459e-03 2.320768952029063294e-06 9.999999652068367606e-01 2.056463632973092037e-04 -2.513296931436964643e-02 4.360724558716971844e-04 -2.056461347474418042e-04 9.999998560198255504e-01 1.473482364118673615e+00 0.000000000000000000e+00 0.000000000000000000e+00 0.000000000000000000e+00 1.000000000000000000e+00
9.999997090516924425e-01 4.633722725528787931e-04 -5.009139894796114933e-04 -5.781560637432639482e-03 -4.633217920383718913e-04 9.999998914139894834e-01 1.009461785476464812e-04 -2.260813663882216273e-02 5.009610050664796421e-04 -1.007140185009048131e-04 9.999998626706144700e-01 1.462139451263251289e+00 0.000000000000000000e+00 0.000000000000000000e+00 0.000000000000000000e+00 1.000000000000000000e+00
9.999998194359210890e-01 6.686487268747105805e-04 -3.743097536757292176e-05 -5.855901568293186976e-03 -6.686269837214948520e-04 9.999995868254137887e-01 5.747072762330007051e-04 -2.145822482296455558e-02 3.781556098267704891e-05 -5.746831589061160081e-04 9.999998666455148788e-01 1.457269763470659285e+00 0.000000000000000000e+00 0.000000000000000000e+00 0.000000000000000000e+00 1.000000000000000000e+00
9.999995423822155560e-01 9.116664674276576648e-04 2.993930170734973584e-05 -6.830912580169545834e-03 -9.117005944765456697e-04 9.999988789511832232e-01 1.146820229857263215e-03 -2.393180863490218524e-02 -2.889555489490186480e-05 -1.146846341113857623e-03 9.999993335635980474e-01 1.452474046300558541e+00 0.000000000000000000e+00 0.000000000000000000e+00 0.000000000000000000e+00 1.000000000000000000e+00
9.999999378449584420e-01 3.410026659533322733e-04 6.396635013081533594e-05 -5.859037667813107864e-03 -3.409496407023852481e-04 9.999996039169450901e-01 -8.262887510971633070e-04 -2.397552232018496099e-02 -6.424528733983692064e-05 8.262664610905329221e-04 9.999996149791805511e-01 1.441178905250065867e+00 0.000000000000000000e+00 0.000000000000000000e+00 0.000000000000000000e+00 1.000000000000000000e+00
9.999999505206538242e-01 4.354854001818232755e-04 7.690055737983453321e-05 -6.113558388040674085e-03 -4.352801345831689025e-04 9.999963896204923097e-01 -2.648832051296659031e-03 -2.935893481390761117e-02 -7.805187483232028933e-05 2.648797981465633201e-03 9.999965342339814933e-01 1.433217783460150940e+00 0.000000000000000000e+00 0.000000000000000000e+00 0.000000000000000000e+00 1.000000000000000000e+00
9.999986603425693454e-01 -1.597915508249705225e-03 2.939830462337297834e-04 -4.090081256926017539e-03 1.597935010488332188e-03 9.999987233034430822e-01 -6.627427555903377121e-05 -2.769895230107582984e-02 -2.938789387030051048e-04 6.674374623392900080e-05 9.999999363412745979e-01 1.425676246346764486e+00 0.000000000000000000e+00 0.000000000000000000e+00 0.000000000000000000e+00 1.000000000000000000e+00
9.999995103541647890e-01 -1.004549503871518925e-03 2.654072414660542389e-04 -4.211623902416722354e-03 1.003814644325536727e-03 9.999957823575836846e-01 2.756377398882920143e-03 -2.752781111151647586e-02 -2.681789022836340852e-04 -2.756109041443445973e-03 9.999961774478783871e-01 1.421601039946164491e+00 0.000000000000000000e+00 0.000000000000000000e+00 0.000000000000000000e+00 1.000000000000000000e+00
9.999985181580103299e-01 -1.696811736610765332e-03 1.695340303890166544e-04 -2.724677286507777574e-03 1.696538534802044052e-03 9.999972882773785487e-01 1.600338811073413053e-03 -2.796810213316547333e-02 -1.722437569130624846e-04 -1.600048260830624208e-03 9.999986880218352248e-01 1.411399399555435252e+00 0.000000000000000000e+00 0.000000000000000000e+00 0.000000000000000000e+00 1.000000000000000000e+00
9.999994929282557399e-01 -9.749246941374907103e-04 2.455853045991648886e-04 -4.059287819516123330e-03 9.751160043153175730e-04 9.999991866782370620e-01 -7.802891950125468920e-04 -2.502270091555058862e-02 -2.448257556164415427e-04 7.805286234456743771e-04 9.999996824192588507e-01 1.394597933977053117e+00 0.000000000000000000e+00 0.000000000000000000e+00 0.000000000000000000e+00 1.000000000000000000e+00
9.999999113601030221e-01 1.229634440148272062e-04 4.080784910076452193e-04 -8.049849619545398904e-03 -1.222681116830091972e-04 9.999985610242593248e-01 -1.702130476244382087e-03 -2.670990364606495859e-02 -4.082878107691742531e-04 1.702080251127956884e-03 9.999984309665742588e-01 1.384230002619148081e+00 0.000000000000000000e+00 0.000000000000000000e+00 0.000000000000000000e+00 1.000000000000000000e+00
9.999994876704740854e-01 8.104736651392332189e-04 6.332866981584115568e-04 -1.140262323953573909e-02 -8.097462004628906132e-04 9.999989620819292879e-01 -1.149457904437745613e-03 -2.574446316006184787e-02 -6.342280887415320534e-04 1.148943303451275752e-03 9.999991053924806028e-01 1.367942080852017739e+00 0.000000000000000000e+00 0.000000000000000000e+00 0.000000000000000000e+00 1.000000000000000000e+00
9.999992775509836118e-01 6.991816805670712310e-04 9.005729400997659201e-04 -8.864574797521257432e-03 -6.987116180074251547e-04 9.999996767479142346e-01 -5.219756126335454993e-04 -2.693342009414700922e-02 -9.009257337583946590e-04 5.213468649403357226e-04 9.999994734022572551e-01 1.356421303480182416e+00 0.000000000000000000e+00 0.000000000000000000e+00 0.000000000000000000e+00 1.000000000000000000e+00
9.999992389709598806e-01 5.429885714822993079e-04 1.144194003501599471e-03 -9.915166209242376461e-03 -5.437696395039107004e-04 9.999995450900323046e-01 6.823604387680899143e-04 -2.613646760563026472e-02 -1.143823536975575525e-03 -6.829826095418544372e-04 9.999991588865575487e-01 1.334362778720567633e+00 0.000000000000000000e+00 0.000000000000000000e+00 0.000000000000000000e+00 1.000000000000000000e+00
9.999985384831611146e-01 6.205793868702124154e-04 1.606880485420306148e-03 -7.862861834454643040e-03 -6.242406694989669803e-04 9.999972541559998263e-01 2.278927240663714687e-03 -2.643453578616028476e-02 -1.605466193261205488e-03 -2.279926119013337207e-03 9.999961088301527745e-01 1.323910399656440973e+00 0.000000000000000000e+00 0.000000000000000000e+00 0.000000000000000000e+00 1.000000000000000000e+00
9.999984274228888026e-01 -6.177740832215534257e-04 1.658944365041707669e-03 -6.856071864443175068e-03 6.158551057622872792e-04 9.999991393928343575e-01 1.157092143685857673e-03 -2.759119473656379551e-02 -1.659655261066508153e-03 -1.156068616914985789e-03 9.999979413472026568e-01 1.303170102058913926e+00 0.000000000000000000e+00 0.000000000000000000e+00 0.000000000000000000e+00 1.000000000000000000e+00
9.999973277444300646e-01 3.345846332250888128e-04 2.286431253696124231e-03 -5.621477278536735067e-03 -3.356987041324467906e-04 9.999997813837340210e-01 4.868396718856939781e-04 -2.769828193024326257e-02 -2.286267900012409031e-03 -4.876070549807605403e-04 9.999973143782618923e-01 1.282282909968401441e+00 0.000000000000000000e+00 0.000000000000000000e+00 0.000000000000000000e+00 1.000000000000000000e+00
9.999942554887789603e-01 -1.200685991547188432e-05 3.394235650771255681e-03 -4.813576714787382027e-03 1.244011294158632293e-05 1.000000017488507087e+00 -1.276236624983915352e-04 -2.730722524144701957e-02 -3.394234281255304516e-03 1.276658201063100156e-04 9.999941729924861633e-01 1.263215305312897385e+00 0.000000000000000000e+00 0.000000000000000000e+00 0.000000000000000000e+00 1.000000000000000000e+00
9.999928505013020441e-01 -8.323054830542977144e-04 3.687378489906887463e-03 -2.868739352133720111e-03 8.402772468251209484e-04 9.999973076643187131e-01 -2.160832124059521887e-03 -2.756958572668666285e-02 -3.685570489622148806e-03 2.163914674975600874e-03 9.999908450765444545e-01 1.241069824729919446e+00 0.000000000000000000e+00 0.000000000000000000e+00 0.000000000000000000e+00 1.000000000000000000e+00
9.999938725131526374e-01 -3.159543003820880903e-04 3.480310241349777317e-03 -2.785304555408485427e-03 3.216382244144875484e-04 9.999986342634530345e-01 -1.632748151381515668e-03 -2.527808243319940029e-02 -3.479789818318583094e-03 1.633857843073617706e-03 9.999926313289881907e-01 1.233216435125541466e+00 0.000000000000000000e+00 0.000000000000000000e+00 0.000000000000000000e+00 1.000000000000000000e+00
9.999916670115793771e-01 4.250427410987505511e-04 4.058970256271382006e-03 -8.902433867079784235e-03 -4.274213159816104917e-04 9.999997157796352010e-01 5.851627579152281558e-04 -1.742803803455927891e-02 -4.058720671634524074e-03 -5.868929249037094925e-04 9.999916239532327111e-01 1.220168299868660711e+00 0.000000000000000000e+00 0.000000000000000000e+00 0.000000000000000000e+00 1.000000000000000000e+00
9.999858604010933849e-01 4.155882383799512419e-04 5.296863929192196022e-03 -6.847083329165837284e-03 -4.158040279391220229e-04 9.999999507896537576e-01 3.963964333738873719e-05 -1.986761316294172186e-02 -5.296845205457006989e-03 -4.184144742179485288e-05 9.999859638020419661e-01 1.209567411677205939e+00 0.000000000000000000e+00 0.000000000000000000e+00 0.000000000000000000e+00 1.000000000000000000e+00
9.999773271812402164e-01 1.433693072618184025e-03 6.587716266724932476e-03 -8.607260697468532840e-03 -1.426738948751791417e-03 9.999983663953045943e-01 -1.060222778980161179e-03 -1.802853316617114565e-02 -6.589221374947308585e-03 1.050800377900502729e-03 9.999776871953302004e-01 1.198033104848470032e+00 0.000000000000000000e+00 0.000000000000000000e+00 0.000000000000000000e+00 1.000000000000000000e+00
9.999710946458947314e-01 1.537103829304331754e-03 7.438310856432789331e-03 -9.003651278551849657e-03 -1.535202807939853743e-03 9.999988147809849570e-01 -2.613713658999178291e-04 -1.698331567908961670e-02 -7.438707299965610642e-03 2.499429287397200716e-04 9.999723426501473389e-01 1.185733076630292260e+00 0.000000000000000000e+00 0.000000000000000000e+00 0.000000000000000000e+00 1.000000000000000000e+00
9.999640784200737320e-01 1.039864963149803121e-03 8.412487269135369983e-03 -3.379898089808541783e-03 -1.051565585011753848e-03 9.999985348927702411e-01 1.386527788769582881e-03 -1.510091960944770495e-02 -8.411037686830699633e-03 -1.395323061329402890e-03 9.999636182112541238e-01 1.177822742956038837e+00 0.000000000000000000e+00 0.000000000000000000e+00 0.000000000000000000e+00 1.000000000000000000e+00
9.999454010182097230e-01 2.246080434927473068e-03 1.021199629720420665e-02 -3.483553023665653114e-03 -2.251002494484571556e-03 9.999972766986104933e-01 4.706225941867314688e-04 -1.659124169147818684e-02 -1.021090978722333925e-02 -4.935845625011784851e-04 9.999477638708773597e-01 1.164701165049692122e+00 0.000000000000000000e+00 0.000000000000000000e+00 0.000000000000000000e+00 1.000000000000000000e+00
9.999133635944463805e-01 2.305599767494179945e-03 1.295948327314099674e-02 -3.153953605384618442e-03 -2.308338837799433184e-03 9.999973227131323528e-01 1.963461294913889862e-04 -1.319255902324911744e-02 -1.295899868002305805e-02 -2.262443126564992260e-04 9.999160486467644215e-01 1.149141676338274465e+00 0.000000000000000000e+00 0.000000000000000000e+00 0.000000000000000000e+00 1.000000000000000000e+00
9.998889922510051376e-01 2.100420667003238210e-03 1.475204938379302139e-02 2.299376949155274019e-04 -2.110157641383111210e-03 9.999975626680386309e-01 6.439136080041568677e-04 -1.583571414079254502e-02 -1.475066385960721593e-02 -6.749719589455166480e-04 9.998909591304508959e-01 1.132979628795396820e+00 0.000000000000000000e+00 0.000000000000000000e+00 0.000000000000000000e+00 1.000000000000000000e+00
9.998640544721740797e-01 2.443133946592176281e-03 1.630213459092774708e-02 3.536705182582977613e-05 -2.464025400253743673e-03 9.999961589687382801e-01 1.261574336504901750e-03 -1.488102672548552441e-02 -1.629898899590805084e-02 -1.301570097989267899e-03 9.998662632105013159e-01 1.121811294473147314e+00 0.000000000000000000e+00 0.000000000000000000e+00 0.000000000000000000e+00 1.000000000000000000e+00
9.998430353238718649e-01 3.840954691211071826e-04 1.771597714623192321e-02 7.008476091945325948e-03 -4.137521146369183174e-04 9.999985994610305351e-01 1.670764371597174835e-03 -1.643192028566820007e-02 -1.771533304223001093e-02 -1.677835628191867365e-03 9.998416948359030165e-01 1.114112210352992349e+00 0.000000000000000000e+00 0.000000000000000000e+00 0.000000000000000000e+00 1.000000000000000000e+00
9.998164469172902136e-01 -3.691071202466069713e-04 1.915559758424843773e-02 9.432034569519132106e-03 3.754913927494119182e-04 9.999998038049940918e-01 -3.295721604817183903e-04 -1.807031525808744377e-02 -1.915543703719894963e-02 3.367083510656797979e-04 9.998164816193022553e-01 1.098661425153977689e+00 0.000000000000000000e+00 0.000000000000000000e+00 0.000000000000000000e+00 1.000000000000000000e+00
9.997917236893321125e-01 -1.015842173748074829e-03 2.038322694878057229e-02 1.004425850123524810e-02 1.037664606812416278e-03 9.999989156200960183e-01 -1.060334077877653561e-03 -1.598942761964772252e-02 -2.038211966599035030e-02 1.081262994582552969e-03 9.997916988613871903e-01 1.085604208297567652e+00 0.000000000000000000e+00 0.000000000000000000e+00 0.000000000000000000e+00 1.000000000000000000e+00
9.997753056080659340e-01 -2.662346086672154159e-03 2.102742085373096592e-02 1.452597279575940092e-02 2.671296012322029768e-03 9.999963544851059316e-01 -3.971381913470267699e-04 -1.643362095601119677e-02 -2.102634849400367156e-02 4.532203288599174346e-04 9.997787458851388198e-01 1.074667803151847068e+00 0.000000000000000000e+00 0.000000000000000000e+00 0.000000000000000000e+00 1.000000000000000000e+00
9.997451390741879385e-01 -5.005586163947355061e-03 2.201624813500202560e-02 2.404919211813805191e-02 4.954237644895002207e-03 9.999848916804467969e-01 2.386021001305011977e-03 -1.671676767903118588e-02 -2.202785921627986587e-02 -2.276340180077727864e-03 9.997548476140508678e-01 1.063427128126271271e+00 0.000000000000000000e+00 0.000000000000000000e+00 0.000000000000000000e+00 1.000000000000000000e+00
9.997153847310346064e-01 -5.235901395866004310e-03 2.327330114653500259e-02 2.766915351627119435e-02 5.189989685660107571e-03 9.999845206879943715e-01 2.032675842081979947e-03 -1.721931115617758579e-02 -2.328350472226653478e-02 -1.911305510369519511e-03 9.997270699654193793e-01 1.051849217338947540e+00 0.000000000000000000e+00 0.000000000000000000e+00 0.000000000000000000e+00 1.000000000000000000e+00
9.996925622930039612e-01 -5.410268550049220776e-03 2.419947165213473528e-02 3.439902706919717446e-02 5.421909119278841942e-03 9.999851262550085718e-01 -4.153657744705198385e-04 -1.415230982572168728e-02 -2.419685210355848604e-02 5.464415632634427727e-04 9.997070090398235687e-01 1.039090766318444992e+00 0.000000000000000000e+00 0.000000000000000000e+00 0.000000000000000000e+00 1.000000000000000000e+00
9.996477227114187736e-01 -7.164482859213321814e-03 2.555217366853662631e-02 3.608077002202314532e-02 7.219881534709862367e-03 9.999718498139874567e-01 -2.076535957656978036e-03 -1.319062366708645406e-02 -2.553659392577928289e-02 2.260288161313806984e-03 9.996714012197782662e-01 1.022998563449213805e+00 0.000000000000000000e+00 0.000000000000000000e+00 0.000000000000000000e+00 1.000000000000000000e+00
9.996312380086916916e-01 -4.174515669467216208e-03 2.683412547054400688e-02 3.934692415298002288e-02 4.178834825816683460e-03 9.999911909951063604e-01 -1.048679332528931751e-04 -7.686265489458499189e-03 -2.683350134908008000e-02 2.169662855101635486e-04 9.996398307036974407e-01 1.014221046061962284e+00 0.000000000000000000e+00 0.000000000000000000e+00 0.000000000000000000e+00 1.000000000000000000e+00
9.995976322487880594e-01 -2.289211791759098585e-03 2.827139426195812710e-02 3.295142273913143072e-02 2.231260321930414285e-03 9.999953653609118254e-01 2.081356744209681645e-03 -1.366847133859061536e-02 -2.827605215630202284e-02 -2.017439636513679649e-03 9.995980908473097726e-01 1.003693646575825937e+00 0.000000000000000000e+00 0.000000000000000000e+00 0.000000000000000000e+00 1.000000000000000000e+00
9.995690408385232706e-01 -3.598535510520265747e-03 2.913569783952235648e-02 4.082382370076587108e-02 3.519280875203614940e-03 9.999899779232793717e-01 2.770983520175664995e-03 -1.299723952822118278e-02 -2.914536532583927864e-02 -2.667249925125064237e-03 9.995716859323382497e-01 9.982617825978366000e-01 0.000000000000000000e+00 0.000000000000000000e+00 0.000000000000000000e+00 1.000000000000000000e+00
9.995374195578110577e-01 -4.291928127025777459e-03 3.010907965785225571e-02 4.148959598411394722e-02 4.319959791111451473e-03 9.999902762784019794e-01 -8.657967546933445502e-04 -1.602121490833230411e-02 -3.010500200112103952e-02 9.954653048149554595e-04 9.995462184720231846e-01 9.837755734133537544e-01 0.000000000000000000e+00 0.000000000000000000e+00 0.000000000000000000e+00 1.000000000000000000e+00
9.995147165382856080e-01 -1.031086805982221353e-03 3.113181938809078675e-02 3.699815660247551818e-02 1.166954655364548215e-03 9.999898812051782881e-01 -4.346564130161738836e-03 -1.489788020735494101e-02 -3.112709385654155447e-02 4.380778267948872394e-03 9.995058822945499521e-01 9.677556391341681774e-01 0.000000000000000000e+00 0.000000000000000000e+00 0.000000000000000000e+00 1.000000000000000000e+00
9.994978139672536788e-01 -4.131644710676893491e-03 3.141857252775409615e-02 3.875518196167249130e-02 4.328937658554604662e-03 9.999713749930876361e-01 -6.213870006634746382e-03 -1.337536390552163112e-02 -3.139196425705165217e-02 6.346759978516657019e-03 9.994869446781587952e-01 9.588177147298466707e-01 0.000000000000000000e+00 0.000000000000000000e+00 0.000000000000000000e+00 1.000000000000000000e+00
9.994889945238591977e-01 -4.129656439936109022e-03 3.169465693613882085e-02 3.973999334083089252e-02 4.252176565052997320e-03 9.999837021177475638e-01 -3.799175372136473668e-03 -1.068680681094041907e-02 -3.167847941488410868e-02 3.932004323622041719e-03 9.994903637604461988e-01 9.555667325402197321e-01 0.000000000000000000e+00 0.000000000000000000e+00 0.000000000000000000e+00 1.000000000000000000e+00
9.994522150519410397e-01 -4.716086434063014241e-04 3.309154477031722719e-02 3.865750693035963081e-02 4.053539394501537441e-04 9.999979296923543481e-01 2.008688057326162707e-03 -7.799234781956640439e-03 -3.309237554026062123e-02 -1.994169178185484226e-03 9.994502976635784020e-01 9.541657442044595427e-01 0.000000000000000000e+00 0.000000000000000000e+00 0.000000000000000000e+00 1.000000000000000000e+00
9.993668309939319760e-01 3.587125938195673963e-03 3.539924316426829032e-02 3.256114345760607875e-02 -3.757926676529591004e-03 9.999815675066378029e-01 4.759831241843731631e-03 -1.184142623921932702e-02 -3.538162361347307883e-02 -4.889841459143641315e-03 9.993619428067301858e-01 9.542241614505115876e-01 0.000000000000000000e+00 0.000000000000000000e+00 0.000000000000000000e+00 1.000000000000000000e+00
9.993194864377302755e-01 2.189137738372667116e-03 3.681998128667812731e-02 3.564685365586228727e-02 -2.331229898821814920e-03 9.999900455339529870e-01 3.816404064821638312e-03 -1.653369982600350063e-02 -3.681115619353242385e-02 -3.899651828660343107e-03 9.993146228821472299e-01 9.417509579132712361e-01 0.000000000000000000e+00 0.000000000000000000e+00 0.000000000000000000e+00 1.000000000000000000e+00
9.992904138658795787e-01 2.617698437304636847e-03 3.757504327966676438e-02 3.317284268923259560e-02 -2.394364839204734738e-03 9.999792160903331339e-01 -5.987495109601682561e-03 -1.735308215046504898e-02 -3.758990246721810591e-02 5.893275386551288277e-03 9.992758707866256085e-01 9.297365964575021735e-01 0.000000000000000000e+00 0.000000000000000000e+00 0.000000000000000000e+00 1.000000000000000000e+00
9.993120741866383661e-01 2.617228417021119982e-03 3.699438498509072248e-02 3.347828105803785093e-02 -2.317691081294289638e-03 9.999641334831534945e-01 -8.137496881303562385e-03 -1.130601597393177116e-02 -3.701446894292931278e-02 8.046156448226577870e-03 9.992823596185096413e-01 9.229744576637699538e-01 0.000000000000000000e+00 0.000000000000000000e+00 0.000000000000000000e+00 1.000000000000000000e+00
9.993479915560281590e-01 8.546768883564755809e-04 3.609388323416928834e-02 3.695212527502889088e-02 -7.312995536180822917e-04 9.999939172650681440e-01 -3.431378947539058186e-03 -7.393390894098905708e-03 -3.609651055829898869e-02 3.402748788155654167e-03 9.993425400208418852e-01 9.164327212164522507e-01 0.000000000000000000e+00 0.000000000000000000e+00 0.000000000000000000e+00 1.000000000000000000e+00
9.993616330588006580e-01 -1.543173998113826946e-03 3.569407211598535357e-02 4.102093822324803796e-02 1.447404380065707430e-03 9.999952995006977652e-01 2.708843690992510447e-03 -8.699515290690990055e-03 -3.569810632401110295e-02 -2.655449585953213731e-03 9.993590439671367065e-01 9.210429192839839629e-01 0.000000000000000000e+00 0.000000000000000000e+00 0.000000000000000000e+00 1.000000000000000000e+00
9.993514069486999496e-01 5.893538187674495984e-04 3.600596665259886420e-02 3.898444416438451299e-02 -6.258414142172380110e-04 9.999992583599525142e-01 1.002095736987985986e-03 -1.614359467467280096e-02 -3.600542929690109251e-02 -1.023976202210132545e-03 9.993510819529665135e-01 9.114222873204411712e-01 0.000000000000000000e+00 0.000000000000000000e+00 0.000000000000000000e+00 1.000000000000000000e+00
9.993515470284284330e-01 -1.638312800245726730e-03 3.596726841269370922e-02 4.115686096773885083e-02 1.765808025767534595e-03 9.999923151309532132e-01 -3.512937938842663164e-03 -1.449611181877852317e-02 -3.596112582188742968e-02 3.574165643697014769e-03 9.993468120357755780e-01 8.970469617384821959e-01 0.000000000000000000e+00 0.000000000000000000e+00 0.000000000000000000e+00 1.000000000000000000e+00
9.993546489071210015e-01 -2.138374748903697914e-04 3.591996833043303861e-02 3.966730390430939224e-02 3.442192696612080688e-04 9.999933386938592017e-01 -3.623751988764410334e-03 -9.877697460568643506e-03 -3.591898949398836249e-02 3.633774367400951014e-03 9.993480842702647804e-01 8.989293483441542776e-01 0.000000000000000000e+00 0.000000000000000000e+00 0.000000000000000000e+00 1.000000000000000000e+00
9.993534878827448065e-01 2.068979102065006057e-03 3.589443242526374478e-02 3.830309565545775285e-02 -2.019079178568371907e-03 9.999968914271958331e-01 -1.426619176213624052e-03 -9.599340648928089692e-03 -3.589734393712290528e-02 1.353224239399507256e-03 9.993545059336117475e-01 8.962455210315454224e-01 0.000000000000000000e+00 0.000000000000000000e+00 0.000000000000000000e+00 1.000000000000000000e+00
9.993565078947250768e-01 -2.966694693107112257e-04 3.586676229308177755e-02 3.975521840356321945e-02 3.538190993923572003e-04 9.999987157037866226e-01 -1.587000086054805512e-03 -1.259969793820542305e-02 -3.586626516137975118e-02 1.598670070867669324e-03 9.993553684156810668e-01 9.021268327355045358e-01 0.000000000000000000e+00 0.000000000000000000e+00 0.000000000000000000e+00 1.000000000000000000e+00
9.993580361550741253e-01 1.224617716594534472e-03 3.580610369523767877e-02 3.746863575653236467e-02 -9.811068223586506126e-04 9.999762600118058398e-01 -6.817381374480869019e-03 -1.405674630070846698e-02 -3.581352992266811919e-02 6.777874347569828525e-03 9.993355411369977404e-01 9.002595642878645776e-01 0.000000000000000000e+00 0.000000000000000000e+00 0.000000000000000000e+00 1.000000000000000000e+00
9.993322789577931964e-01 1.920436029476450118e-03 3.648869509634539154e-02 2.382988454932188915e-02 -1.556800540873742172e-03 9.999488704845305165e-01 -9.991762687076381419e-03 -2.786574234347927170e-02 -3.650603233039079187e-02 9.928287021644411139e-03 9.992840592307560277e-01 9.041836152065982901e-01 0.000000000000000000e+00 0.000000000000000000e+00 0.000000000000000000e+00 1.000000000000000000e+00
9.993313157512104805e-01 1.483723250358313234e-03 3.653122251826024236e-02 1.284024103524217253e-02 -1.147251233550399679e-03 9.999567439327996521e-01 -9.229697583958584861e-03 -3.124876140584031958e-02 -3.654341293481999653e-02 9.181609839981641832e-03 9.992899361433429384e-01 9.185736199206431252e-01 0.000000000000000000e+00 0.000000000000000000e+00 0.000000000000000000e+00 1.000000000000000000e+00
9.993190483888092501e-01 3.279025625106696956e-03 3.675260077657593882e-02 8.619094979692931702e-03 -3.133342764154462695e-03 9.999870762838457550e-01 -4.020676596832851307e-03 -3.156085697309962690e-02 -3.676526324952356095e-02 3.902773941612782543e-03 9.993163459013298944e-01 9.266268720398045389e-01 0.000000000000000000e+00 0.000000000000000000e+00 0.000000000000000000e+00 1.000000000000000000e+00
9.993147121027711188e-01 3.246444936328043984e-03 3.687050231776994869e-02 2.145901123918747544e-02 -3.333833531338047801e-03 9.999917387042580597e-01 2.308763096052058802e-03 -2.119900631145332781e-02 -3.686265821889450622e-02 -2.430093570289476590e-03 9.993173699298653068e-01 9.275048652975712571e-01 0.000000000000000000e+00 0.000000000000000000e+00 0.000000000000000000e+00 1.000000000000000000e+00
9.993108216077196682e-01 5.179229684223003380e-03 3.675903696912513618e-02 1.285388889269256651e-02 -5.344111220138926532e-03 9.999760999841716957e-01 4.388750780101381352e-03 -2.723567325805853478e-02 -3.673543114997518400e-02 -4.582170546207695386e-03 9.993144954275247072e-01 9.363875154516563271e-01 0.000000000000000000e+00 0.000000000000000000e+00 0.000000000000000000e+00 1.000000000000000000e+00
9.992850095445159342e-01 4.724609118659069823e-03 3.751104516504905062e-02 2.396471567152502757e-02 -4.769604400518379084e-03 9.999879817870584997e-01 1.109957009130732586e-03 -2.259119735458603451e-02 -3.750540955667369669e-02 -1.288076585264911166e-03 9.992956206764971316e-01 9.284206560674590492e-01 0.000000000000000000e+00 0.000000000000000000e+00 0.000000000000000000e+00 1.000000000000000000e+00
9.992555279133065183e-01 7.407701381749503579e-03 3.786139958353873514e-02 1.484552470590472240e-02 -7.402435744165472911e-03 9.999725908336194458e-01 -2.791850292356177696e-04 -2.351415670122715407e-02 -3.786233183057374774e-02 -1.283234638635270819e-06 9.992829777963818660e-01 9.393490733717015928e-01 0.000000000000000000e+00 0.000000000000000000e+00 0.000000000000000000e+00 1.000000000000000000e+00
9.992598460079723521e-01 6.139101090921639248e-03 3.797396594686419657e-02 2.032473130680045870e-02 -6.136908543940245223e-03 9.999811212078427713e-01 -1.743722640291725523e-04 -1.678205318280873160e-02 -3.797439605424907105e-02 -5.879965798910388736e-05 9.992786702469994564e-01 9.398480106987747718e-01 0.000000000000000000e+00 0.000000000000000000e+00 0.000000000000000000e+00 1.000000000000000000e+00
9.992751816562068790e-01 3.552594059337121218e-03 3.790149120189845178e-02 2.669959457053039387e-02 -3.630843308477960107e-03 9.999914713970464719e-01 1.995907279272629651e-03 -1.625921121132289926e-02 -3.789402459660184963e-02 -2.132082983710372696e-03 9.992794739245320912e-01 9.461333888958662897e-01 0.000000000000000000e+00 0.000000000000000000e+00 0.000000000000000000e+00 1.000000000000000000e+00
9.992928368626918800e-01 1.440450141396503250e-03 3.757446076112622158e-02 2.940919308491629636e-02 -1.470026357460163177e-03 9.999986246013764513e-01 7.595806194441376280e-04 -2.422209018233889566e-02 -3.757335609840967150e-02 -8.142792198439928377e-04 9.992935574277180821e-01 9.502417729878800401e-01 0.000000000000000000e+00 0.000000000000000000e+00 0.000000000000000000e+00 1.000000000000000000e+00
9.993197275439997807e-01 -8.830490040407160124e-06 3.687958468592761330e-02 2.943231516758260113e-02 -2.231997650848586284e-05 9.999996591157597203e-01 8.441706840348036159e-04 -3.901722896242842964e-02 -3.687954838987494988e-02 -8.444136650524543177e-04 9.993193282682085732e-01 9.580285593723729676e-01 0.000000000000000000e+00 0.000000000000000000e+00 0.000000000000000000e+00 1.000000000000000000e+00
9.993473331297260120e-01 -1.340422103556557394e-03 3.609811436511345395e-02 3.547041197928990641e-02 1.317125126209824429e-03 9.999989004930907033e-01 6.691468190473364840e-04 -3.649129252810690005e-02 -3.609903314876231062e-02 -6.211701934950000694e-04 9.993480441222321042e-01 9.595062118646566773e-01 0.000000000000000000e+00 0.000000000000000000e+00 0.000000000000000000e+00 1.000000000000000000e+00
9.993576481423295244e-01 -6.930045776425755415e-03 3.515883164898681024e-02 4.033652047689884057e-02 6.907606639078687702e-03 9.999757737572623206e-01 7.596826673374159266e-04 -2.971070141251663799e-02 -3.516324404416043548e-02 -5.163317379054349707e-04 9.993814852878397659e-01 9.632908568634590551e-01 0.000000000000000000e+00 0.000000000000000000e+00 0.000000000000000000e+00 1.000000000000000000e+00
9.994187973680943582e-01 -3.006234839661133147e-03 3.395639383973587944e-02 4.033941083103798064e-02 3.130538482603205212e-03 9.999886828176233200e-01 -3.608095120129419832e-03 -3.406038438845593319e-02 -3.394511983274650646e-02 3.712303558305870849e-03 9.994167317261123396e-01 9.597404125906408012e-01 0.000000000000000000e+00 0.000000000000000000e+00 0.000000000000000000e+00 1.000000000000000000e+00
9.994619976548756446e-01 4.148286788270049222e-04 3.279764904017003213e-02 3.078071235019308460e-02 -2.247770969973101468e-04 9.999831170151889381e-01 -5.798167293371231726e-03 -2.401521592590927234e-02 -3.279948745858915493e-02 5.787674982212909561e-03 9.994452784018752478e-01 9.628068179762294676e-01 0.000000000000000000e+00 0.000000000000000000e+00 0.000000000000000000e+00 1.000000000000000000e+00
9.995447244440828216e-01 -5.843764486981489412e-03 2.959998567027653793e-02 3.502077797166691653e-02 5.963054728361813321e-03 9.999744115524926702e-01 -3.943239446602794969e-03 -3.469262321287897022e-02 -2.957619344951568224e-02 4.117951666360223847e-03 9.995539759648581768e-01 9.644729196966217444e-01 0.000000000000000000e+00 0.000000000000000000e+00 0.000000000000000000e+00 1.000000000000000000e+00
9.996659239890176574e-01 -2.141016211236223751e-03 2.575564425543041755e-02 3.258713448403227630e-02 2.132470668104657560e-03 9.999977194626473720e-01 3.589132964149459033e-04 -2.182031656795382912e-02 -2.575634537360746781e-02 -3.038706084317781882e-04 9.996682293118931417e-01 9.711072991883114014e-01 0.000000000000000000e+00 0.000000000000000000e+00 0.000000000000000000e+00 1.000000000000000000e+00
9.997452165969435978e-01 -3.748799026033200477e-04 2.256907005145418477e-02 2.250973195681638117e-02 2.862866813214508255e-04 9.999922291448036793e-01 3.928974973968405934e-03 -2.603275556636577837e-02 -2.257036848187694150e-02 -3.921511813664228796e-03 9.997375352233016654e-01 9.818946891932149867e-01 0.000000000000000000e+00 0.000000000000000000e+00 0.000000000000000000e+00 1.000000000000000000e+00
9.998171537897847516e-01 1.068861312510608480e-04 1.912644215877988552e-02 2.131259900620818826e-02 -1.682868615855079297e-04 9.999948231262298926e-01 3.208529277974615009e-03 -2.237655782461644982e-02 -1.912600269931153188e-02 -3.211169933785462845e-03 9.998119189231402526e-01 9.835709582420797403e-01 0.000000000000000000e+00 0.000000000000000000e+00 0.000000000000000000e+00 1.000000000000000000e+00
9.998617037055753665e-01 -1.544860669172174600e-03 1.655723992284885079e-02 1.813853005300813948e-02 1.592084420217850654e-03 9.999947439248247916e-01 -2.839538497809751278e-03 -4.510869886842965026e-02 -1.655276933909239495e-02 2.865517427747149484e-03 9.998589562511533968e-01 9.799699367061016630e-01 0.000000000000000000e+00 0.000000000000000000e+00 0.000000000000000000e+00 1.000000000000000000e+00
9.998871738222926409e-01 -2.257520763386287183e-03 1.485139486346949075e-02 2.022864971837634585e-02 2.341461700176253324e-03 9.999812991184533484e-01 -5.637336195415410152e-03 -3.743071861745408957e-02 -1.483838952097250516e-02 5.671462315519974241e-03 9.998737563477776424e-01 9.836244415730135415e-01 0.000000000000000000e+00 0.000000000000000000e+00 0.000000000000000000e+00 1.000000000000000000e+00
9.999189029882581403e-01 -3.998067797068498991e-03 1.208897429558181136e-02 1.844656908508568449e-02 4.043595950109075271e-03 9.999848442449049690e-01 -3.743145446098035053e-03 -3.087513815353493118e-02 -1.207382538331557703e-02 3.791735034231392531e-03 9.999199867748167492e-01 9.886729615574267882e-01 0.000000000000000000e+00 0.000000000000000000e+00 0.000000000000000000e+00 1.000000000000000000e+00
9.999398970066377679e-01 -5.683088531249595732e-03 9.373208703369585726e-03 1.883320544197886193e-02 5.715787029777617823e-03 9.999776172853128697e-01 -3.465436712074523168e-03 -3.451436149505904272e-02 -9.353304284066388252e-03 3.518805091022177926e-03 9.999500151496291123e-01 9.937577937717705368e-01 0.000000000000000000e+00 0.000000000000000000e+00 0.000000000000000000e+00 1.000000000000000000e+00
9.999770250570978458e-01 -3.350221038806864421e-03 5.903900766506223197e-03 1.528881339410759210e-02 3.378687408711302659e-03 9.999827193476851228e-01 -4.819265757426900373e-03 -2.778470847778446995e-02 -5.887651797370857532e-03 4.839101289667647673e-03 9.999709989296688972e-01 9.945526466679162070e-01 0.000000000000000000e+00 0.000000000000000000e+00 0.000000000000000000e+00 1.000000000000000000e+00
9.999914098101654325e-01 -1.739788246531228516e-03 3.744511255876242783e-03 8.480897801533160418e-03 1.759413683178633059e-03 9.999846975821975459e-01 -5.242257806187014015e-03 -2.940239210647055401e-02 -3.735342281736386827e-03 5.248787115161740804e-03 9.999792737610820881e-01 9.957682101671920805e-01 0.000000000000000000e+00 0.000000000000000000e+00 0.000000000000000000e+00 1.000000000000000000e+00
9.999936518820676801e-01 -2.119908731455781570e-03 2.860758447315037145e-03 9.150919360379816681e-03 2.129864606519038528e-03 9.999916985801666769e-01 -3.483824903944855549e-03 -2.044942956857953575e-02 -2.853345032621495969e-03 3.489894811737191682e-03 9.999897773921345712e-01 1.003790198944230383e+00 0.000000000000000000e+00 0.000000000000000000e+00 0.000000000000000000e+00 1.000000000000000000e+00
9.999962965378189628e-01 -3.112212999158842086e-04 2.719927216090517463e-03 5.738504101231001187e-03 3.208571982791716404e-04 9.999936358022983862e-01 -3.544474998971209722e-03 -2.386405124154489243e-02 -2.718805089910389383e-03 3.545338321859757471e-03 9.999900255191666032e-01 1.006190112917181523e+00 0.000000000000000000e+00 0.000000000000000000e+00 0.000000000000000000e+00 1.000000000000000000e+00
9.999967399135980539e-01 -7.553243453161870291e-04 2.414645666275708202e-03 5.726617308539516671e-03 7.614234009470435827e-04 9.999965875348442168e-01 -2.522501999270241983e-03 -1.813301743947315359e-02 -2.412739881207881520e-03 2.524325710205446108e-03 9.999939519186855641e-01 1.008361610223204252e+00 0.000000000000000000e+00 0.000000000000000000e+00 0.000000000000000000e+00 1.000000000000000000e+00
