9.999986000006767517e-01 7.122129800144732636e-04 1.533513475105655792e-03 -1.101102050716544663e-02 -7.055718890534291811e-04 9.999904000013642991e-01 -4.327035925143885887e-03 -1.712164122630780924e-02 -1.536580678126360467e-03 4.325946939502045389e-03 9.999894999959512143e-01 9.617130961683949542e-01 0.000000000000000000e+00 0.000000000000000000e+00 0.000000000000000000e+00 1.000000000000000000e+00
9.999976174041464994e-01 -2.097553556464485866e-03 5.963917833829864533e-04 -7.453020489873151896e-03 2.098088194761111875e-03 9.999974016569100899e-01 -8.958215243791908811e-04 -1.175741806405839265e-02 -5.945121791120092439e-04 8.970706903974213359e-04 9.999993916727782928e-01 9.632216199425915892e-01 0.000000000000000000e+00 0.000000000000000000e+00 0.000000000000000000e+00 1.000000000000000000e+00
9.999989212360196333e-01 -1.482086952165133711e-03 7.370562641599099143e-05 -1.615791285260720356e-02 1.481755931534898445e-03 9.999896454079088004e-01 4.311985594328803136e-03 -2.532329929349164815e-02 -8.009455165921544259e-05 -4.311871271979443414e-03 9.999907208742746523e-01 9.632824704394160609e-01 0.000000000000000000e+00 0.000000000000000000e+00 0.000000000000000000e+00 1.000000000000000000e+00
9.999985650971751072e-01 -1.488923552675812086e-03 -7.514412329931250550e-04 -1.575838777792765155e-02 1.493747929013549379e-03 9.999779967742122855e-01 6.459739982003546988e-03 -3.069750330356030288e-02 7.418064774781119725e-04 -6.460852372209580433e-03 9.999788241507387987e-01 9.602543704647614753e-01 0.000000000000000000e+00 0.000000000000000000e+00 0.000000000000000000e+00 1.000000000000000000e+00
9.999892863934320975e-01 -4.423825698197811351e-03 -1.381493458602129710e-03 -1.025430972523585366e-02 4.422612573067761024e-03 9.999897819517328257e-01 -8.807743797700521779e-04 -3.245084693537665654e-02 1.385376054428075557e-03 8.746540777400738098e-04 9.999987156303928870e-01 9.580601469388692060e-01 0.000000000000000000e+00 0.000000000000000000e+00 0.000000000000000000e+00 1.000000000000000000e+00
9.999956391349154039e-01 -2.740805317838037377e-03 -1.068999646892154157e-03 -1.149619774391615751e-02 2.737543538061569092e-03 9.999916587903385778e-01 -3.042063990183712600e-03 -2.689744623659628964e-02 1.077328543115357168e-03 3.039124748754827056e-03 9.999947305398971809e-01 9.322908095657682637e-01 0.000000000000000000e+00 0.000000000000000000e+00 0.000000000000000000e+00 1.000000000000000000e+00
9.999995139401616218e-01 -5.643435764494900576e-04 -8.344693830142902152e-04 -1.002878611957429972e-02 5.617890186390562656e-04 9.999951900288044371e-01 -3.062066144161459252e-03 -1.008933418187221709e-02 8.361937273821594364e-04 3.061594841536942509e-03 9.999950537003414741e-01 9.374322111839274996e-01 0.000000000000000000e+00 0.000000000000000000e+00 0.000000000000000000e+00 1.000000000000000000e+00
9.999994548795236859e-01 6.270938590495892841e-04 -8.120843240410674426e-04 -1.242617311816354708e-02 -6.276223909093810258e-04 9.999995494099358506e-01 -6.425576788989719595e-04 -1.280406990813612311e-02 8.116808717808701029e-04 6.430676362506500265e-04 9.999993957174768688e-01 9.298054526749641724e-01 0.000000000000000000e+00 0.000000000000000000e+00 0.000000000000000000e+00 1.000000000000000000e+00
9.999993411613995464e-01 6.520159695890228235e-04 -9.242719274376166687e-04 -9.632669411203581555e-03 -6.498781734837884251e-04 9.999971141029929678e-01 2.317870683164005054e-03 -9.208573378524154140e-03 9.257804295208860515e-04 -2.317268973392697974e-03 9.999968875664285717e-01 9.293787440103962183e-01 0.000000000000000000e+00 0.000000000000000000e+00 0.000000000000000000e+00 1.000000000000000000e+00
9.999997790332790792e-01 6.785791495132913512e-05 -6.741938838700661275e-04 -9.609827242371388190e-03 -6.587062394291449724e-05 9.999957272201801528e-01 2.934980323187676068e-03 -7.493290629939808323e-03 6.743909562856730162e-04 -2.934935003710080481e-03 9.999954645313524626e-01 9.304202962712739833e-01 0.000000000000000000e+00 0.000000000000000000e+00 0.000000000000000000e+00 1.000000000000000000e+00
9.999994780395569105e-01 -1.642655807078222422e-04 -9.875050279987002133e-04 -9.584614539571642555e-03 1.655666486628303382e-04 9.999990851553910431e-01 1.320057278826550738e-03 -7.821766027871518423e-03 9.872879708371275903e-04 -1.320219320481365918e-03 9.999986438004972999e-01 9.230806093588572736e-01 0.000000000000000000e+00 0.000000000000000000e+00 0.000000000000000000e+00 1.000000000000000000e+00
9.999986148717771028e-01 -1.561686418961724535e-03 -6.063205860348877541e-04 -9.775714690620843084e-03 1.562093442693606024e-03 9.999986048687165008e-01 6.626197678979376532e-04 -1.219209843419918893e-02 6.052842590112796420e-04 -6.635670369304720248e-04 9.999996285740669899e-01 9.506187336989881942e-01 0.000000000000000000e+00 0.000000000000000000e+00 0.000000000000000000e+00 1.000000000000000000e+00
9.999995124882556929e-01 -1.671458304102129777e-04 -9.595139414796680435e-04 -7.753056985547526758e-03 1.670527423300668273e-04 9.999999854087355811e-01 -9.903668411376676667e-05 -2.024058747362084132e-02 9.595313204720391093e-04 9.887704746785411919e-05 9.999995583879420780e-01 8.838973100913065650e-01 0.000000000000000000e+00 0.000000000000000000e+00 0.000000000000000000e+00 1.000000000000000000e+00
9.999997474271167253e-01 -2.309945758468875260e-04 -6.945411467952173831e-04 -8.529099857760125136e-03 2.299085421454841540e-04 9.999987185792706956e-01 -1.569905475995533265e-03 -2.434446840258547295e-02 6.949016758162574955e-04 1.569745720341277073e-03 9.999984544578084389e-01 9.097669948147011354e-01 0.000000000000000000e+00 0.000000000000000000e+00 0.000000000000000000e+00 1.000000000000000000e+00
9.999987206448485155e-01 -4.769918211539819568e-04 -1.562119388968942826e-03 -9.140402841629563513e-03 4.735521374021432880e-04 9.999974965868057009e-01 -2.196941829013359694e-03 -2.773376460597160031e-02 1.563163902088181290e-03 2.196198612507616575e-03 9.999963780630842791e-01 9.081122098943232857e-01 0.000000000000000000e+00 0.000000000000000000e+00 0.000000000000000000e+00 1.000000000000000000e+00
9.999979741494868790e-01 -1.310065738482043109e-03 -1.502563942983219450e-03 -6.434201946807681372e-03 1.308163401836646197e-03 9.999983413035787860e-01 -1.261239862688699927e-03 -1.678566625444716243e-02 1.504218518194724852e-03 1.259271504282513925e-03 9.999981121967642661e-01 9.042338428272866935e-01 0.000000000000000000e+00 0.000000000000000000e+00 0.000000000000000000e+00 1.000000000000000000e+00
9.999985244590706701e-01 3.659571776288226001e-04 -1.674397212151887415e-03 -8.317560485641591062e-03 -3.668447810631682033e-04 9.999997805204163814e-01 -5.336725533547361736e-04 -8.838834489937608119e-03 1.674199524156259541e-03 5.342858933078990184e-04 9.999984879179930619e-01 9.008869611914658293e-01 0.000000000000000000e+00 0.000000000000000000e+00 0.000000000000000000e+00 1.000000000000000000e+00
9.999981300088940372e-01 1.296321610289898280e-03 -1.463543157944315054e-03 -8.943096255737820882e-03 -1.297629073719023954e-03 9.999987249332480399e-01 -8.868554615138878484e-04 -7.529641171703960190e-03 1.462393691418725425e-03 8.887523650527188795e-04 9.999984789290677911e-01 8.969995497762557335e-01 0.000000000000000000e+00 0.000000000000000000e+00 0.000000000000000000e+00 1.000000000000000000e+00
9.999974704398607583e-01 1.445788526876476410e-03 -1.725313308079946123e-03 -6.021620404990987024e-03 -1.445854051063464978e-03 9.999989435972299612e-01 -4.186724451322966153e-05 -3.405058690530315957e-03 1.725249124951653071e-03 4.436180613138921217e-05 9.999985191864890766e-01 8.919210781700108726e-01 0.000000000000000000e+00 0.000000000000000000e+00 0.000000000000000000e+00 1.000000000000000000e+00
9.999985995506779357e-01 -5.552170477999758850e-04 -1.546229648983082211e-03 -4.575531410855301906e-03 5.567194356889168094e-04 9.999994346055770533e-01 9.728678996890611878e-04 -4.651437449949613612e-03 1.545695739104766681e-03 -9.737270737700323697e-04 9.999983634064838478e-01 8.921836650946950442e-01 0.000000000000000000e+00 0.000000000000000000e+00 0.000000000000000000e+00 1.000000000000000000e+00
9.999989519567543672e-01 6.288429659417507471e-04 -1.320854926940669832e-03 -5.756543917261006116e-03 -6.269864283219543514e-04 9.999988236157845156e-01 1.401022563139564959e-03 -8.763089063441809046e-03 1.321734114852465836e-03 -1.400192680862638378e-03 9.999980924923256298e-01 8.875788596893450233e-01 0.000000000000000000e+00 0.000000000000000000e+00 0.000000000000000000e+00 1.000000000000000000e+00
9.999988943555001564e-01 1.550238336681806139e-04 -1.499132729542898557e-03 -4.900654448687861986e-03 -1.545061868799194721e-04 9.999998641718682579e-01 3.497421049803433202e-04 -1.041432539701409032e-02 1.499179023414860118e-03 -3.495107629891342545e-04 9.999988743396395208e-01 8.808169785199844171e-01 0.000000000000000000e+00 0.000000000000000000e+00 0.000000000000000000e+00 1.000000000000000000e+00
9.999978488421629175e-01 -1.144327061799909695e-03 -1.735540568130859024e-03 -1.679743981800596586e-03 1.144246144294888993e-03 9.999993327057851156e-01 -5.043019407524628774e-05 7.594091645552469849e-04 1.735596955727312235e-03 4.844521628570878577e-05 9.999985055530148381e-01 8.743253194485731683e-01 0.000000000000000000e+00 0.000000000000000000e+00 0.000000000000000000e+00 1.000000000000000000e+00
9.999986228020184553e-01 -2.067782332225148864e-04 -1.603046957247160342e-03 4.830734031028571795e-04 2.057906907700259708e-04 9.999997859815579204e-01 -6.167229670285242007e-04 6.830713686881151325e-04 1.603175216493408356e-03 6.163917230692843394e-04 9.999984695958535896e-01 8.692216933964402870e-01 0.000000000000000000e+00 0.000000000000000000e+00 0.000000000000000000e+00 1.000000000000000000e+00
9.999995153902723199e-01 6.316661134433439314e-05 -1.018280435301829184e-03 -8.062463500119187998e-04 -6.268679499228383876e-05 9.999999541376810575e-01 4.710749530514257927e-04 3.014462354411828748e-03 1.018313597957572203e-03 -4.710104601347844464e-04 9.999993981766330808e-01 8.632107117841201216e-01 0.000000000000000000e+00 0.000000000000000000e+00 0.000000000000000000e+00 1.000000000000000000e+00
9.999994163545625758e-01 1.990844329129066743e-04 -1.028236361546964323e-03 -1.454485345059042256e-04 -1.970609555665573190e-04 9.999980403710405641e-01 1.970369278688900109e-03 6.167579841739878610e-04 1.028627853307265833e-03 -1.970164612114872621e-03 9.999975360703508009e-01 8.570936802187461012e-01 0.000000000000000000e+00 0.000000000000000000e+00 0.000000000000000000e+00 1.000000000000000000e+00
9.999987962674405928e-01 -1.343614521842983241e-03 -7.887685814422264186e-04 2.848746563412968280e-03 1.345878013789363102e-03 9.999949858541616887e-01 2.864241201471186531e-03 -4.897460333373460095e-04 7.849089909392828468e-04 -2.865299488528775564e-03 9.999955812585963333e-01 8.579018742972870371e-01 0.000000000000000000e+00 0.000000000000000000e+00 0.000000000000000000e+00 1.000000000000000000e+00
9.999997489947127782e-01 3.262019264402812911e-04 -6.685358746221503612e-04 5.612182657554254384e-03 -3.252997212305052538e-04 9.999990288157283302e-01 1.361800308643694619e-03 3.576986838510209932e-03 6.689751001176073852e-04 -1.361582713177520582e-03 9.999988333308440502e-01 8.269182177603795481e-01 0.000000000000000000e+00 0.000000000000000000e+00 0.000000000000000000e+00 1.000000000000000000e+00
9.999995956898651839e-01 4.835488242364052421e-04 -7.776269585310531529e-04 2.634430309705060314e-03 -4.844736558554507536e-04 9.999991596233760438e-01 -1.182944086814101056e-03 1.121914452501759918e-03 7.770546626102055321e-04 1.183320005846868854e-03 9.999990216225614903e-01 8.242814878183040150e-01 0.000000000000000000e+00 0.000000000000000000e+00 0.000000000000000000e+00 1.000000000000000000e+00
9.999986304143749782e-01 1.470919939433748894e-03 -7.921469644220982542e-04 6.856684619343522691e-04 -1.473080866251090700e-03 9.999951826482101902e-01 -2.743952378959751623e-03 1.099702100718524811e-03 7.881106453214992147e-04 2.745115148842315871e-03 9.999958946702287577e-01 8.144681312118464689e-01 0.000000000000000000e+00 0.000000000000000000e+00 0.000000000000000000e+00 1.000000000000000000e+00
9.999994678259789271e-01 5.521524812112482391e-04 -7.951698093794611066e-04 -1.095116485305691612e-04 -5.534211163288458744e-04 9.999985415088514795e-01 -1.595462500429460856e-03 -2.750927894339394442e-03 7.942915668787166317e-04 1.595901975534454263e-03 9.999983762020036027e-01 7.969143626278807346e-01 0.000000000000000000e+00 0.000000000000000000e+00 0.000000000000000000e+00 1.000000000000000000e+00
9.999992769965541095e-01 7.322491401475359667e-04 -9.454655500649583599e-04 -1.948814617996341703e-04 -7.326819479040772801e-04 9.999996325136437658e-01 -4.529576387053576257e-04 -5.981475409536307630e-03 9.451391488412841380e-04 4.536497036870938172e-04 9.999994948845553067e-01 7.929290245644757817e-01 0.000000000000000000e+00 0.000000000000000000e+00 0.000000000000000000e+00 1.000000000000000000e+00
9.999990251351205117e-01 -2.083748756252453739e-04 -1.414348771521252435e-03 4.320566244573886827e-04 2.078133273917775851e-04 9.999998618289971386e-01 -3.958375547616944934e-04 -5.503896862907586840e-03 1.414421262048493055e-03 3.955433173080263615e-04 9.999988940429972439e-01 7.854720461673814214e-01 0.000000000000000000e+00 0.000000000000000000e+00 0.000000000000000000e+00 1.000000000000000000e+00
9.999981655475795872e-01 3.234280311329055602e-04 -1.872824851654492084e-03 8.683882196477421545e-04 -3.245580376537284071e-04 9.999998025482074171e-01 -6.029769569092664197e-04 1.653949952448163785e-04 1.872638960451721013e-03 6.035836461963357911e-04 9.999981255507114364e-01 7.722919912663677167e-01 0.000000000000000000e+00 0.000000000000000000e+00 0.000000000000000000e+00 1.000000000000000000e+00
9.999983197947064362e-01 -7.743437103289761361e-06 -1.851731041093235275e-03 2.926055770827606928e-03 7.071720651599859459e-06 9.999999129424060884e-01 -3.671125814135354853e-04 1.318276786070926576e-02 1.851727397558511345e-03 3.670987357682266739e-04 9.999981582035827321e-01 7.669285135342960302e-01 0.000000000000000000e+00 0.000000000000000000e+00 0.000000000000000000e+00 1.000000000000000000e+00
9.999977749839020769e-01 -3.549351720327677132e-04 -2.048665125141221899e-03 5.171785477219303928e-04 3.572840841856431875e-04 9.999992441152789624e-01 1.147415567193917421e-03 4.730643588733762783e-03 2.048250980740233540e-03 -1.148144408393317892e-03 9.999972295015969737e-01 7.605082423445956863e-01 0.000000000000000000e+00 0.000000000000000000e+00 0.000000000000000000e+00 1.000000000000000000e+00
9.999981626197509410e-01 -8.616894094065128784e-05 -1.936283649827764963e-03 1.391605362284220604e-04 9.132243714529404786e-05 9.999965255605691716e-01 2.663275612663290864e-03 -1.495239739416232005e-03 1.936055436924835615e-03 -2.663447823741332300e-03 9.999946536103597738e-01 7.446459062876265023e-01 0.000000000000000000e+00 0.000000000000000000e+00 0.000000000000000000e+00 1.000000000000000000e+00
9.999980431044146467e-01 7.159114535964597199e-04 -1.829825810918131457e-03 -3.407558774724983586e-03 -7.135721895290691877e-04 9.999989284471529905e-01 1.278587140506506469e-03 -7.749732488035343536e-03 1.830732789095956825e-03 -1.277278477896110018e-03 9.999974215472948735e-01 7.381213759316764822e-01 0.000000000000000000e+00 0.000000000000000000e+00 0.000000000000000000e+00 1.000000000000000000e+00
9.999971180879779764e-01 1.454426076818784172e-03 -1.943357241674721625e-03 -7.852777881804495763e-03 -1.453899824589765860e-03 9.999988701146770298e-01 2.724177378709549333e-04 -1.001906509886502095e-02 1.943759874985420688e-03 -2.695915349522825730e-04 9.999981289256871797e-01 7.282680379001789106e-01 0.000000000000000000e+00 0.000000000000000000e+00 0.000000000000000000e+00 1.000000000000000000e+00
9.999946894469806669e-01 2.680737062280480129e-03 -1.821233816374452641e-03 -8.832938732318607045e-03 -2.682279866897335253e-03 9.999960349820651295e-01 -8.443820930347173750e-04 -6.572179258918287026e-03 1.818962548309877025e-03 8.492626336377758628e-04 9.999979866125311423e-01 7.422841531707007334e-01 0.000000000000000000e+00 0.000000000000000000e+00 0.000000000000000000e+00 1.000000000000000000e+00
9.999972530989751363e-01 1.531703344950994129e-03 -1.763706025953229450e-03 -7.710157759290625634e-03 -1.533144400276888631e-03 9.999984629165885597e-01 -8.157622654646769743e-04 -2.796190301701084735e-03 1.762462766545083714e-03 8.184640935964839457e-04 9.999980870454286963e-01 6.906666187714662897e-01 0.000000000000000000e+00 0.000000000000000000e+00 0.000000000000000000e+00 1.000000000000000000e+00
9.999988340840008094e-01 4.086362822076435204e-04 -1.507608685994150932e-03 -4.174085832698071208e-03 -4.064815152224867854e-04 9.999989251543071056e-01 1.429296609070164134e-03 5.655063071795696228e-03 1.508181527283707080e-03 -1.428681727824446766e-03 9.999978729702920788e-01 6.935230391681486140e-01 0.000000000000000000e+00 0.000000000000000000e+00 0.000000000000000000e+00 1.000000000000000000e+00
9.999987940950234577e-01 1.105672482100823056e-03 -1.036899013196951325e-03 -2.457697414887882736e-03 -1.104026480734728423e-03 9.999981705589230385e-01 1.587121767087161517e-03 5.824009459446499726e-03 1.038653960949403876e-03 -1.585975176291025933e-03 9.999981551130529001e-01 6.885934211834339180e-01 0.000000000000000000e+00 0.000000000000000000e+00 0.000000000000000000e+00 1.000000000000000000e+00
9.999955554753542364e-01 2.995245284718092964e-03 6.930144491510553673e-05 -6.878097312502884364e-03 -2.995296346125090117e-03 9.999951677318564824e-01 7.396534608045401971e-04 -2.488006633133976742e-03 -6.708961471212776528e-05 -7.398577153645566687e-04 9.999997292218794076e-01 6.769757991200293645e-01 0.000000000000000000e+00 0.000000000000000000e+00 0.000000000000000000e+00 1.000000000000000000e+00
9.999941753700228864e-01 3.247695252716241258e-03 1.072840754259139773e-03 -5.295367486607860386e-03 -3.245465690068705198e-03 9.999926661103809566e-01 -2.074751476604214974e-03 3.020192216109163219e-03 -1.079562848185187940e-03 2.071257134716487057e-03 9.999973453851052074e-01 6.631183937389408811e-01 0.000000000000000000e+00 0.000000000000000000e+00 0.000000000000000000e+00 1.000000000000000000e+00
9.999968522495708001e-01 1.765220929484962375e-03 1.786919088664747080e-03 6.535021258837758751e-04 -1.759247010094741040e-03 9.999928508752349288e-01 -3.339011336969964321e-03 7.831277426862404134e-03 -1.792806779915383231e-03 3.335856671475678336e-03 9.999928011309733300e-01 6.530696142432148577e-01 0.000000000000000000e+00 0.000000000000000000e+00 0.000000000000000000e+00 1.000000000000000000e+00
9.999975008176216207e-01 4.529374517363330636e-04 2.159700085231870681e-03 1.519700205732443798e-03 -4.486339652353280114e-04 9.999979240678150694e-01 -1.993380706844437907e-03 4.450617117456368010e-03 -2.160596247977292217e-03 1.992406740782306975e-03 9.999956386835244793e-01 6.376925603653447183e-01 0.000000000000000000e+00 0.000000000000000000e+00 0.000000000000000000e+00 1.000000000000000000e+00
9.999947041235927037e-01 1.175879307128471643e-03 3.053740218025097208e-03 -9.372866446236693960e-04 -1.178697862094167355e-03 9.999988322981154809e-01 9.214543022871647454e-04 4.696033227208823435e-03 -3.052661601185641116e-03 -9.250487079589874784e-04 9.999949848355839110e-01 6.375021923747681285e-01 0.000000000000000000e+00 0.000000000000000000e+00 0.000000000000000000e+00 1.000000000000000000e+00
9.999816597565187593e-01 4.920451093921300589e-03 3.528759214929677590e-03 -5.041362659737091967e-03 -4.931811355974732684e-03 9.999826517739809351e-01 3.217606157368479818e-03 -1.707224020122910524e-03 -3.512858586539976957e-03 -3.234949493782529172e-03 9.999885295816810515e-01 6.500984742190496490e-01 0.000000000000000000e+00 0.000000000000000000e+00 0.000000000000000000e+00 1.000000000000000000e+00
9.999835775464243071e-01 4.301037117952716780e-03 3.782993281436629329e-03 -5.587571256557455346e-03 -4.315394071553430022e-03 9.999835424113397986e-01 3.793760201944574098e-03 -2.065347269960771115e-03 -3.766622665175245466e-03 -3.810022060400981240e-03 9.999856568001601609e-01 6.059077217569992513e-01 0.000000000000000000e+00 0.000000000000000000e+00 0.000000000000000000e+00 1.000000000000000000e+00
9.999788017639638094e-01 4.872510531073195872e-03 4.307483669033992241e-03 -4.467738806336440938e-03 -4.876464221676631537e-03 9.999877014420323063e-01 9.074764925026210932e-04 -2.681484087508678726e-03 -4.303001039153066948e-03 -9.284627837198916253e-04 9.999903289182924260e-01 5.992637663560600458e-01 0.000000000000000000e+00 0.000000000000000000e+00 0.000000000000000000e+00 1.000000000000000000e+00
9.999786802887418169e-01 3.699320015437367395e-03 5.385718065137028859e-03 -3.036079929169765990e-03 -3.700589136219920115e-03 9.999931108287490877e-01 2.267077668739111984e-04 -1.064574094826298278e-03 -5.384846279066969610e-03 -2.466339774270416563e-04 9.999854884008645417e-01 5.851490880679151019e-01 0.000000000000000000e+00 0.000000000000000000e+00 0.000000000000000000e+00 1.000000000000000000e+00
9.999768253891681002e-01 3.640196893455864037e-03 5.757584330622306928e-03 -2.207510201269219374e-03 -3.652597819703687354e-03 9.999910070231140535e-01 2.143707439875112801e-03 -1.521353652880863550e-03 -5.749722565780487210e-03 -2.164684309643446353e-03 9.999810929453692987e-01 5.687812430126442109e-01 0.000000000000000000e+00 0.000000000000000000e+00 0.000000000000000000e+00 1.000000000000000000e+00
9.999650212352922951e-01 4.988103972364955722e-03 6.706418415311735104e-03 -3.323204297838167065e-03 -4.999273773716228497e-03 9.999861207093572180e-01 1.649636964131449487e-03 -4.557945425873399792e-03 -6.698109912641622699e-03 -1.683111740135124351e-03 9.999761724981738320e-01 5.482735134928731213e-01 0.000000000000000000e+00 0.000000000000000000e+00 0.000000000000000000e+00 1.000000000000000000e+00
9.999690183786522635e-01 3.291868635840277876e-03 7.152966794021302019e-03 -1.049273372718539932e-03 -3.289017207389710856e-03 9.999945585106422286e-01 -4.103886300178705843e-04 -6.405298078544952034e-03 -7.154274230766977972e-03 3.868510021418896522e-04 9.999743201251228841e-01 5.270888994675928529e-01 0.000000000000000000e+00 0.000000000000000000e+00 0.000000000000000000e+00 1.000000000000000000e+00
9.999671458185781514e-01 3.498181317007647510e-03 7.314196758017373068e-03 6.470866449369561124e-04 -3.503072712032273290e-03 9.999936330112395577e-01 6.569897447398376916e-04 -5.283576200916018095e-03 -7.311853674320837986e-03 -6.825921125275802304e-04 9.999729926732031648e-01 5.075547834320346396e-01 0.000000000000000000e+00 0.000000000000000000e+00 0.000000000000000000e+00 1.000000000000000000e+00
9.999615463663602544e-01 4.442652486539891768e-03 7.564179519642177246e-03 -1.559428762274661651e-03 -4.441348828710908400e-03 9.999901305468796853e-01 -1.891896946137183039e-04 2.876008224569348570e-04 -7.564947644842771879e-03 1.555950578921751204e-04 9.999714564664587968e-01 4.834531425014105821e-01 0.000000000000000000e+00 0.000000000000000000e+00 0.000000000000000000e+00 1.000000000000000000e+00
9.999597304806469023e-01 4.352340926256793169e-03 7.848338535055876183e-03 -1.863531231168558122e-03 -4.331813629985609149e-03 9.999871366862929101e-01 -2.631476857083668575e-03 1.512559898229071109e-04 -7.859687849359267564e-03 2.597368105354127404e-03 9.999656865622905677e-01 4.640373646172477606e-01 0.000000000000000000e+00 0.000000000000000000e+00 0.000000000000000000e+00 1.000000000000000000e+00
9.999656900930397052e-01 1.682536252247845109e-03 8.111879318901497882e-03 3.342157531336376053e-04 -1.658780478904805676e-03 9.999943272856347543e-01 -2.934424068330997691e-03 -5.499036068646656616e-03 -8.116776932204569639e-03 2.920866631309502331e-03 9.999627794436722894e-01 4.395267744692432643e-01 0.000000000000000000e+00 0.000000000000000000e+00 0.000000000000000000e+00 1.000000000000000000e+00
9.999683548951885381e-01 4.806724780199709049e-04 7.938202141449163252e-03 3.188166635962996764e-03 -4.867864029368008526e-04 9.999995693707782740e-01 7.680220271333573420e-04 -2.951387556274887025e-03 -7.937832508770906181e-03 -7.718619018373083784e-04 9.999681834904409206e-01 4.218885407628079065e-01 0.000000000000000000e+00 0.000000000000000000e+00 0.000000000000000000e+00 1.000000000000000000e+00
9.999701005608716553e-01 -4.595999051953997988e-04 7.718653962428476123e-03 7.073218325194918776e-03 4.461684658036493291e-04 9.999983812249958470e-01 1.742783068502243293e-03 -3.111407892800843733e-03 -7.719449534361995380e-03 -1.739286608146498915e-03 9.999687174133081724e-01 3.975114770791918772e-01 0.000000000000000000e+00 0.000000000000000000e+00 0.000000000000000000e+00 1.000000000000000000e+00
9.999659260229954993e-01 1.801387856705937741e-03 8.058254339176222636e-03 5.318852589174749568e-03 -1.811660933776831125e-03 9.999976099297722687e-01 1.265922836758734404e-03 -1.730762319616774292e-03 -8.055952829240119184e-03 -1.280478922988733878e-03 9.999667496565592950e-01 3.724379391105685499e-01 0.000000000000000000e+00 0.000000000000000000e+00 0.000000000000000000e+00 1.000000000000000000e+00
9.999519309354338858e-01 3.476806260020197468e-03 9.167582565282710039e-03 2.238657286333989305e-03 -3.480660318118516342e-03 9.999938678190875008e-01 4.044518720915935006e-04 -2.065452780242060804e-03 -9.166113766458552914e-03 -4.363424331529624361e-04 9.999578516824654262e-01 3.633215486780301262e-01 0.000000000000000000e+00 0.000000000000000000e+00 0.000000000000000000e+00 1.000000000000000000e+00
9.999530867604188300e-01 4.655952579272286049e-03 8.488431331476281594e-03 -7.015815925770496619e-05 -4.656089974372365319e-03 9.999891509736004158e-01 -4.001846264202815751e-06 -3.880105966557523267e-03 -8.488374749142768572e-03 -3.551860159269927542e-05 9.999640336195140256e-01 3.115954702425085543e-01 0.000000000000000000e+00 0.000000000000000000e+00 0.000000000000000000e+00 1.000000000000000000e+00
9.999522905963573738e-01 3.639691572529833892e-03 9.069050034161807439e-03 3.389084965555788642e-03 -3.646120503689480839e-03 9.999930957383064145e-01 6.932109596020884223e-04 -5.759047484398038819e-03 -9.066452893371379496e-03 -7.262424377471581732e-04 9.999586332428065383e-01 2.991048758063001856e-01 0.000000000000000000e+00 0.000000000000000000e+00 0.000000000000000000e+00 1.000000000000000000e+00
9.999566756557874969e-01 -4.832322216708560391e-04 9.299382943293924009e-03 9.334028482847145369e-03 4.743194904756366237e-04 9.999993775528280837e-01 9.612542529132597074e-04 -1.014187628518636863e-02 -9.299845134578765826e-03 -9.568003662475156601e-04 9.999562650657662921e-01 2.756601817679396049e-01 0.000000000000000000e+00 0.000000000000000000e+00 0.000000000000000000e+00 1.000000000000000000e+00
9.999403920132765577e-01 -1.171696637055729849e-03 1.085462126061499666e-02 1.068821316535384369e-02 1.185922776648008336e-03 9.999984619659162410e-01 -1.304538511099332179e-03 -8.728841140134946386e-03 -1.085308147017599589e-02 1.317324063884376881e-03 9.999402846779008591e-01 2.674917237150609139e-01 0.000000000000000000e+00 0.000000000000000000e+00 0.000000000000000000e+00 1.000000000000000000e+00
9.999233171919296170e-01 -1.666981151645046018e-03 1.227094698698873165e-02 1.132588342948182003e-02 1.715788554875907149e-03 9.999907238010815602e-01 -3.967915553067964500e-03 -7.434555934511255515e-03 -1.226422091403597814e-02 3.988672280008450852e-03 9.999167778785592597e-01 2.612767584411272992e-01 0.000000000000000000e+00 0.000000000000000000e+00 0.000000000000000000e+00 1.000000000000000000e+00
9.999080830505806539e-01 5.911506008104445032e-04 1.354161064287658089e-02 1.133581237287017984e-02 -5.440696903446208760e-04 9.999937159307187295e-01 -3.479897509094592029e-03 -5.249550800036750786e-03 -1.354362589540784867e-02 3.472207716209790417e-03 9.999022544295443904e-01 2.595415928783779691e-01 0.000000000000000000e+00 0.000000000000000000e+00 0.000000000000000000e+00 1.000000000000000000e+00
9.998733177051576382e-01 1.729016714539792455e-03 1.582507481725045628e-02 9.938045214811452865e-03 -1.713673986526432786e-03 9.999981071870319704e-01 -9.836176772476949888e-04 -5.491456819546880475e-03 -1.582674956754587248e-02 9.563718460175243963e-04 9.998742833997040780e-01 2.578182407915079466e-01 0.000000000000000000e+00 0.000000000000000000e+00 0.000000000000000000e+00 1.000000000000000000e+00
9.998501043011379652e-01 1.973447600042350578e-03 1.719955296088881980e-02 1.189059274859882720e-02 -1.970671199566480323e-03 9.999979699798763333e-01 -1.780659665651523893e-04 -3.183308306535681531e-03 -1.719977989393434159e-02 1.441499215429869855e-04 9.998520847837322201e-01 2.667999056057652751e-01 0.000000000000000000e+00 0.000000000000000000e+00 0.000000000000000000e+00 1.000000000000000000e+00
9.998643993099648464e-01 3.838415634473018364e-04 1.646588885577637829e-02 1.373108518147780899e-02 -3.809752686659054720e-04 9.999999568782836912e-01 -1.776006060911403638e-04 -2.835933148846669916e-03 -1.646599881555943501e-02 1.712993792863564194e-04 9.998644426072375024e-01 2.414839216288910961e-01 0.000000000000000000e+00 0.000000000000000000e+00 0.000000000000000000e+00 1.000000000000000000e+00
9.998280815671659605e-01 -7.491626330354225240e-04 1.852701090635350267e-02 1.803679744974395760e-02 7.489151473093495683e-04 9.999997368956619059e-01 2.037815274621686615e-05 -1.869141711329791455e-03 -1.852701731769507143e-02 -6.502465416976903334e-06 9.998282892589215320e-01 2.512188574913452044e-01 0.000000000000000000e+00 0.000000000000000000e+00 0.000000000000000000e+00 1.000000000000000000e+00
9.997923578960716817e-01 -7.759949983606910040e-04 2.036006637199633262e-02 1.976887935756366232e-02 7.584122807230535019e-04 9.999993368085214884e-01 8.711092152435991054e-04 -1.770266534861952845e-03 -2.036074743624774475e-02 -8.554862168616513864e-04 9.997924009593017747e-01 2.551055296955411222e-01 0.000000000000000000e+00 0.000000000000000000e+00 0.000000000000000000e+00 1.000000000000000000e+00
9.997985289475791459e-01 4.933279021696556060e-04 2.006873335994452390e-02 1.755990916760907794e-02 -4.932404356563370017e-04 9.999998303214401307e-01 -9.217699402911186390e-06 -9.416897923725242592e-04 -2.006875246586625750e-02 -6.822531535923860579e-07 9.997985751977862545e-01 2.389065865268094058e-01 0.000000000000000000e+00 0.000000000000000000e+00 0.000000000000000000e+00 1.000000000000000000e+00
9.997563687456900716e-01 1.922023271351786444e-03 2.198568767485720166e-02 1.742098511147815998e-02 -1.899512388876331646e-03 9.999976555242185983e-01 -1.045084972107351157e-03 -9.529843906574964052e-04 -2.198766158765891321e-02 1.003063171303760458e-03 9.997577640884514061e-01 2.486170250354220457e-01 0.000000000000000000e+00 0.000000000000000000e+00 0.000000000000000000e+00 1.000000000000000000e+00
9.997208018553274123e-01 1.197784464522212711e-03 2.359861996123074901e-02 1.995725939727321929e-02 -1.182646027496785969e-03 9.999990575899684320e-01 -6.552983487968897132e-04 -1.419682511144104708e-03 -2.359935025990214652e-02 6.272135587772000205e-04 9.997213314096076164e-01 2.491070141887732348e-01 0.000000000000000000e+00 0.000000000000000000e+00 0.000000000000000000e+00 1.000000000000000000e+00
9.996714363182409580e-01 1.503738442464915307e-03 2.558886368546114953e-02 2.197030699927182695e-02 -1.520358156898893483e-03 9.999986751617846448e-01 6.299890042596799182e-04 -2.026835734352694374e-03 -2.558791331837095839e-02 -6.686913693414128258e-04 9.996722943562807995e-01 2.543675334180477421e-01 0.000000000000000000e+00 0.000000000000000000e+00 0.000000000000000000e+00 1.000000000000000000e+00
9.996254488549664030e-01 3.349914078658092903e-03 2.716268885416189827e-02 2.083595050773467960e-02 -3.374616606049533028e-03 9.999939615309328955e-01 8.638283001570204109e-04 -2.742838885532394855e-03 -2.715959635673548256e-02 -9.551618525366163334e-04 9.996306434243623640e-01 2.569275489785027844e-01 0.000000000000000000e+00 0.000000000000000000e+00 0.000000000000000000e+00 1.000000000000000000e+00
9.995565733226816629e-01 2.857684065084931026e-03 2.963902541670726531e-02 2.315304065801271349e-02 -2.882972072612487776e-03 9.999954723116973865e-01 8.105607070363514410e-04 -3.455531888587159983e-03 -2.963661442822373981e-02 -8.956461460946623515e-04 9.995603323503255977e-01 2.630521628048683169e-01 0.000000000000000000e+00 0.000000000000000000e+00 0.000000000000000000e+00 1.000000000000000000e+00
9.995400738192248280e-01 1.008313661366228974e-03 3.030925555621416523e-02 2.764757134253770232e-02 -1.033942903472861996e-03 9.999991791300958388e-01 8.296827669428599034e-04 -3.559157606342067126e-03 -3.030844843461777405e-02 -8.606486159143181269e-04 9.995401899698581616e-01 2.550084351957053741e-01 0.000000000000000000e+00 0.000000000000000000e+00 0.000000000000000000e+00 1.000000000000000000e+00
9.994677562427956019e-01 -1.943172679631142118e-03 3.256357584197011601e-02 3.544051319271446232e-02 1.936505193369335558e-03 9.999980931481375901e-01 2.364961900426683361e-04 -1.766924682381820766e-03 -3.256395264316769289e-02 -1.733061959991464077e-04 9.994697340254082851e-01 2.589367163868132593e-01 0.000000000000000000e+00 0.000000000000000000e+00 0.000000000000000000e+00 1.000000000000000000e+00
9.993399547450825260e-01 -3.075555403283860949e-03 3.619730247338892593e-02 4.070507107869758556e-02 3.092705263543767385e-03 9.999951324241190820e-01 -4.177553543421846233e-04 -1.451455321687111777e-04 -3.619584104251122314e-02 5.294262711964207307e-04 9.993444891799395657e-01 2.643377660929004946e-01 0.000000000000000000e+00 0.000000000000000000e+00 0.000000000000000000e+00 1.000000000000000000e+00
9.992805428265998380e-01 -1.278886570127971004e-03 3.790504879743417099e-02 3.929816019460119492e-02 1.355361630502752678e-03 9.999971122076254382e-01 -1.991929155894262699e-03 4.725901595868942096e-04 -3.790233394165681835e-02 2.041870281774960019e-03 9.992793953361412962e-01 2.645056672073593518e-01 0.000000000000000000e+00 0.000000000000000000e+00 0.000000000000000000e+00 1.000000000000000000e+00
9.992102712197588055e-01 7.294774238705443179e-04 3.972609312223024380e-02 3.935706916660208776e-02 -6.183296584933522209e-04 9.999958099702970227e-01 -2.810131936927505198e-03 1.312946482110888269e-03 -3.972805002595614088e-02 2.783352703267707312e-03 9.992067028273506901e-01 2.699572068940199188e-01 0.000000000000000000e+00 0.000000000000000000e+00 0.000000000000000000e+00 1.000000000000000000e+00
9.991266675217893578e-01 1.491354188828453598e-03 4.175709006304367810e-02 3.956423702786793228e-02 -1.408522426587695232e-03 9.999969815725149314e-01 -2.013174058706583818e-03 2.077638560451788852e-03 -4.175999177442152321e-02 1.952597386531564928e-03 9.991257334992798000e-01 2.852528217771350683e-01 0.000000000000000000e+00 0.000000000000000000e+00 0.000000000000000000e+00 1.000000000000000000e+00
9.990306035742253510e-01 3.136103884804687745e-03 4.391048561328159128e-02 3.895910908764577130e-02 -3.086890885890035061e-03 9.999945134158516602e-01 -1.188198803677732122e-03 2.418856538790870037e-03 -4.391392659915743790e-02 1.051500052187001816e-03 9.990347122754764664e-01 2.983266085134701484e-01 0.000000000000000000e+00 0.000000000000000000e+00 0.000000000000000000e+00 1.000000000000000000e+00
9.989770043191299465e-01 5.181170350214731046e-03 4.492398697824823151e-02 3.960866679142327484e-02 -5.179706838096620816e-03 9.999865552387940948e-01 -1.490516816292375164e-04 4.874971723977106208e-04 -4.492419953930193444e-02 -8.379099426053179811e-05 9.989904873770023563e-01 3.013533598323974161e-01 0.000000000000000000e+00 0.000000000000000000e+00 0.000000000000000000e+00 1.000000000000000000e+00
9.988936582850123092e-01 5.906263706989350881e-03 4.665279414145173664e-02 3.739172659743417171e-02 -5.912482566744696466e-03 9.999825692803527843e-01 -4.979009648751857309e-06 1.484828239966429209e-03 -4.665207851247821225e-02 -2.708688371479452128e-04 9.989111126937623153e-01 3.245650626600351529e-01 0.000000000000000000e+00 0.000000000000000000e+00 0.000000000000000000e+00 1.000000000000000000e+00
9.987875518028557220e-01 2.014060622601690498e-03 4.918631210621271510e-02 4.626967796015435397e-02 -2.043697656947169976e-03 9.999977476813077804e-01 5.523637756014738304e-04 2.558634549977512052e-03 -4.918511533562336391e-02 -6.522177339586474054e-04 9.987894780848793896e-01 3.396390274440435064e-01 0.000000000000000000e+00 0.000000000000000000e+00 0.000000000000000000e+00 1.000000000000000000e+00
9.986678783726645747e-01 -4.951315828104832506e-04 5.159738705213784415e-02 5.932324214008843910e-02 3.517670315389314142e-04 9.999960569446342262e-01 2.787434991652958625e-03 1.034305591468009933e-02 -5.159855902110405124e-02 -2.765573811028100917e-03 9.986640574830702999e-01 3.547237956585576057e-01 0.000000000000000000e+00 0.000000000000000000e+00 0.000000000000000000e+00 1.000000000000000000e+00
9.986201490820802995e-01 -1.529264855040669141e-04 5.251345949019214920e-02 6.403783711817823132e-02 6.729740137297740565e-05 9.999987155636239633e-01 1.632318488268469717e-03 2.516553587581960016e-02 -5.251359324003329609e-02 -1.626530232763262820e-03 9.986189615169108746e-01 3.831113606694529494e-01 0.000000000000000000e+00 0.000000000000000000e+00 0.000000000000000000e+00 1.000000000000000000e+00
9.984807330598275410e-01 1.109374963709584133e-03 5.509169928636109548e-02 6.541841097822498341e-02 -1.177527830835222930e-03 9.999985123137443699e-01 1.204602666745532846e-03 2.102524845596254188e-02 -5.509033286408482333e-02 -1.267633206201752502e-03 9.984805570490804527e-01 3.934744691194751454e-01 0.000000000000000000e+00 0.000000000000000000e+00 0.000000000000000000e+00 1.000000000000000000e+00
9.984358172700756873e-01 -3.152816662769439282e-04 5.590945176577366560e-02 6.248322165941999629e-02 3.239479034627939374e-04 9.999999966510396687e-01 -1.458383002932977374e-04 3.165531441339286545e-02 -5.590935099326244107e-02 1.637178107716848879e-04 9.984358290143438008e-01 4.038640515049252144e-01 0.000000000000000000e+00 0.000000000000000000e+00 0.000000000000000000e+00 1.000000000000000000e+00
9.983842953966181044e-01 8.749977950426191670e-04 5.681556260191689134e-02 6.084107174771702375e-02 -9.784179674821522066e-04 9.999978828325780666e-01 1.792661078439792936e-03 2.317265225569165032e-02 -5.681380115301154499e-02 -1.845349618951191983e-03 9.983830584306163658e-01 4.229863247140599469e-01 0.000000000000000000e+00 0.000000000000000000e+00 0.000000000000000000e+00 1.000000000000000000e+00
9.984468156745965883e-01 1.513374071808369636e-03 5.569206588105291011e-02 6.457083718681388973e-02 -1.692545697738268365e-03 9.999935459715938446e-01 3.170025374194829562e-03 2.606398231799622600e-02 -5.568698990254772330e-02 -3.259361042058549901e-03 9.984429723727588080e-01 4.338609085326972092e-01 0.000000000000000000e+00 0.000000000000000000e+00 0.000000000000000000e+00 1.000000000000000000e+00
9.984568934593512912e-01 3.415806948810051757e-03 5.542714346070043430e-02 6.832712808791541192e-02 -3.625819379623196337e-03 9.999866486919256614e-01 3.688869793108296921e-03 7.294951810996153085e-03 -5.541376272159381777e-02 -3.884148158702407580e-03 9.984559265017117768e-01 4.525399547930923916e-01 0.000000000000000000e+00 0.000000000000000000e+00 0.000000000000000000e+00 1.000000000000000000e+00
9.985423545940064205e-01 6.316007060045088911e-03 5.360266532531993144e-02 6.023878392156234440e-02 -6.470170852138253104e-03 9.999753926631247403e-01 2.702915185022291070e-03 9.195725478077898529e-03 -5.358437221361272984e-02 -3.045797397519004954e-03 9.985586947711595496e-01 4.595660476442375852e-01 0.000000000000000000e+00 0.000000000000000000e+00 0.000000000000000000e+00 1.000000000000000000e+00
