9.999995999999535812e-01 -9.035185117502276620e-04 -2.101170704795228604e-04 1.289127776801030556e-03 9.037963879493272901e-04 9.999987000004830762e-01 1.325645643752537033e-03 -1.821616046693240107e-02 2.089191292142904548e-04 -1.325834356095819625e-03 9.999990999995636010e-01 1.310643000006269654e+00 0.000000000000000000e+00 0.000000000000000000e+00 0.000000000000000000e+00 1.000000000000000000e+00
9.999996434604895290e-01 -7.429415131175100707e-04 -3.432209574700731533e-04 -5.911642889159019788e-04 7.431254253772607296e-04 9.999995802091361519e-01 5.343841879289314752e-04 -2.555924421223126561e-02 3.428237439845841926e-04 -5.346388229270796020e-04 9.999997802100097921e-01 1.314623419351715894e+00 0.000000000000000000e+00 0.000000000000000000e+00 0.000000000000000000e+00 1.000000000000000000e+00
9.999984084283496388e-01 -1.766381026992211879e-03 -1.795784491659319949e-04 2.283193296591590898e-03 1.766141785329984355e-03 9.999975496366018124e-01 -1.323233663775527647e-03 -2.344677688474441218e-02 1.819154533008383217e-04 1.322913701745570070e-03 9.999991368582374918e-01 1.316388617946635531e+00 0.000000000000000000e+00 0.000000000000000000e+00 0.000000000000000000e+00 1.000000000000000000e+00
9.999999930855563157e-01 -2.220986628518933827e-04 8.876759202393737311e-05 1.628120097988172525e-03 2.220739856102745067e-04 9.999999070602866302e-01 2.776254349214571241e-04 -2.252267756488517125e-02 -8.882930276335433088e-05 -2.776057655631984427e-04 9.999999848066069008e-01 1.319274207574197000e+00 0.000000000000000000e+00 0.000000000000000000e+00 0.000000000000000000e+00 1.000000000000000000e+00
9.999999714226545100e-01 -2.904058789389627718e-04 1.301804503338313459e-04 2.165334828425230854e-03 2.902983137176519857e-04 9.999996284708577710e-01 8.262009967801568116e-04 -1.771331689200301984e-02 -1.304204323564963231e-04 -8.261630298633871380e-04 9.999995911806789373e-01 1.320605811475541458e+00 0.000000000000000000e+00 0.000000000000000000e+00 0.000000000000000000e+00 1.000000000000000000e+00
9.999987448179795679e-01 -1.579395910746643830e-03 1.033726583144668624e-04 4.030253049185089295e-03 1.579287641084151225e-03 9.999982287133520886e-01 1.053271594425818402e-03 -1.731308293725955516e-02 -1.050359639514865709e-04 -1.053106346345361079e-03 9.999994776165607169e-01 1.327108494190917476e+00 0.000000000000000000e+00 0.000000000000000000e+00 0.000000000000000000e+00 1.000000000000000000e+00
9.999999177145506568e-01 3.191314036486555205e-04 -1.756800156274551119e-04 1.198444297466698741e-03 -3.189756701135955147e-04 9.999995398740609831e-01 8.895690299558717609e-04 -1.980706572196180848e-02 1.759638002345895939e-04 -8.895128701739136827e-04 9.999995695548571373e-01 1.330138025705576155e+00 0.000000000000000000e+00 0.000000000000000000e+00 0.000000000000000000e+00 1.000000000000000000e+00
9.999997835382369304e-01 5.547057763816332001e-04 -2.718047717007147793e-04 8.697463437357458305e-05 -5.551704029278746715e-04 9.999983790562927410e-01 -1.714552017166586124e-03 -2.172986961849840415e-02 2.708533235924246016e-04 1.714701345292841961e-03 9.999985088247019815e-01 1.330598806393327393e+00 0.000000000000000000e+00 0.000000000000000000e+00 0.000000000000000000e+00 1.000000000000000000e+00
9.999962355734830499e-01 2.732341172192682965e-03 -1.119139814635470957e-04 1.260278165677031215e-04 -2.732629149491517997e-03 9.999927924759193232e-01 -2.650834941614800804e-03 -1.618242894621629846e-02 1.046701859754839946e-04 2.651131035403076451e-03 9.999964354246650977e-01 1.334602416855503293e+00 0.000000000000000000e+00 0.000000000000000000e+00 0.000000000000000000e+00 1.000000000000000000e+00
9.999940256136070627e-01 3.445293458713471167e-03 3.364485003852209308e-04 -2.100334748181619665e-03 -3.444976274881373073e-03 9.999935910863921862e-01 -9.413927294843015122e-04 -1.224017727714507564e-02 -3.396896897844798669e-04 9.402273943528293310e-04 9.999995130151682066e-01 1.337832666605221377e+00 0.000000000000000000e+00 0.000000000000000000e+00 0.000000000000000000e+00 1.000000000000000000e+00
9.999970773048163508e-01 2.418882973449776319e-03 9.116209685108714669e-05 -4.423214358578170594e-03 -2.418896688309486905e-03 9.999970841590616333e-01 1.459751940121698389e-04 -1.687031516911005613e-02 -9.080879585288408485e-05 -1.461949958269231908e-04 9.999999916090200891e-01 1.338434131205994859e+00 0.000000000000000000e+00 0.000000000000000000e+00 0.000000000000000000e+00 1.000000000000000000e+00
9.999992878378729522e-01 1.226897947555151110e-03 1.407365225380480711e-04 -3.195192841157052342e-03 -1.226996861090878669e-03 9.999989462292919740e-01 7.068173232083266311e-04 -1.972066647982306797e-02 -1.398691594690937854e-04 -7.069888852745284625e-04 9.999998085830926753e-01 1.350214748167346102e+00 0.000000000000000000e+00 0.000000000000000000e+00 0.000000000000000000e+00 1.000000000000000000e+00
9.999974418405825904e-01 -2.197744738206381613e-03 4.019927966327962380e-04 2.197681695618423046e-03 2.196674292522114193e-03 9.999940861000151671e-01 2.644068554615439798e-03 -1.746286610041619669e-02 -4.078014569755836834e-04 -2.643179047474252235e-03 9.999963330235794867e-01 1.351574978175966280e+00 0.000000000000000000e+00 0.000000000000000000e+00 0.000000000000000000e+00 1.000000000000000000e+00
9.999924576326884029e-01 -3.892399041028288351e-03 2.170497834784361013e-04 4.770618531174617219e-03 3.891906690516688198e-03 9.999899926218449586e-01 2.229820595922514005e-03 -1.971188809673007913e-02 -2.257269665042804308e-04 -2.228957633730437211e-03 9.999975499577415938e-01 1.352437402767048269e+00 0.000000000000000000e+00 0.000000000000000000e+00 0.000000000000000000e+00 1.000000000000000000e+00
9.999961878266026005e-01 -2.739808812413557695e-03 -2.940306325724759834e-04 4.162546482617430869e-03 2.739165909428354674e-03 9.999939021550307006e-01 -2.166568306554559741e-03 -2.157185140387335442e-02 2.999648604402242280e-04 2.165754326009854298e-03 9.999975627742334616e-01 1.351935637486331387e+00 0.000000000000000000e+00 0.000000000000000000e+00 0.000000000000000000e+00 1.000000000000000000e+00
9.999988935296236781e-01 -1.480550851351388223e-03 -2.011216042955961349e-04 -9.112056084037891551e-04 1.480067513797440632e-03 9.999960206673756957e-01 -2.384602830098638254e-03 -2.567666431309417741e-02 2.046513720346933654e-04 2.384302117230221660e-03 9.999971391628179607e-01 1.354525305296302662e+00 0.000000000000000000e+00 0.000000000000000000e+00 0.000000000000000000e+00 1.000000000000000000e+00
9.999972281964709664e-01 2.270850354070766668e-03 6.505433639642981079e-04 -4.728694723717893206e-03 -2.269862260132372335e-03 9.999963142226500068e-01 -1.516225012708158912e-03 -2.834083685368854466e-02 -6.539841506486687023e-04 1.514743388758191256e-03 9.999986852760377465e-01 1.364497048454097694e+00 0.000000000000000000e+00 0.000000000000000000e+00 0.000000000000000000e+00 1.000000000000000000e+00
9.999951230439262373e-01 2.991810927719569264e-03 8.228662208062309438e-04 -7.248246306965227398e-03 -2.992878623298143598e-03 9.999946857629554708e-01 1.298389708162395314e-03 -2.173761206980145966e-02 -8.189778549447098918e-04 -1.300845502321430671e-03 9.999987608258193994e-01 1.366394912674095963e+00 0.000000000000000000e+00 0.000000000000000000e+00 0.000000000000000000e+00 1.000000000000000000e+00
9.999989431212495949e-01 1.305867146127569298e-03 6.957752203186201578e-04 -4.061411298869083142e-03 -1.310152049994245480e-03 9.999799395253656797e-01 6.193402387861867385e-03 -2.087651091340952947e-02 -6.876726316867229610e-04 -6.194305647554903572e-03 9.999806230839277665e-01 1.376592444876646226e+00 0.000000000000000000e+00 0.000000000000000000e+00 0.000000000000000000e+00 1.000000000000000000e+00
9.999967404278834460e-01 -2.491454714550789349e-03 4.271256580571005518e-04 2.031767693273546505e-03 2.491439271390007929e-03 9.999968885448118350e-01 3.866678363705251809e-05 -2.583845967758235940e-02 -4.272217717048985321e-04 -3.760351119738367109e-05 9.999999361111407969e-01 1.371506392894506376e+00 0.000000000000000000e+00 0.000000000000000000e+00 0.000000000000000000e+00 1.000000000000000000e+00
9.999907994531068711e-01 -4.291873483320157202e-03 -4.195783007218574501e-04 3.735595772470540199e-03 4.291207976459389915e-03 9.999895458517129576e-01 -1.576964237652588290e-03 -3.031382741780108692e-02 4.263427536109879769e-04 1.575149807645493533e-03 9.999985888420510616e-01 1.374287598015119016e+00 0.000000000000000000e+00 0.000000000000000000e+00 0.000000000000000000e+00 1.000000000000000000e+00
9.999997354957205209e-01 -5.992669204043355293e-04 1.985776349573784710e-05 4.845316024975482305e-04 5.993166935004413378e-04 9.999964995351187103e-01 -2.570863359371769810e-03 -2.830945540529683502e-02 -1.831788170952126579e-05 2.570873078110148119e-03 9.999967707635745162e-01 1.375304252714798281e+00 0.000000000000000000e+00 0.000000000000000000e+00 0.000000000000000000e+00 1.000000000000000000e+00
9.999999698755606126e-01 -2.486362179323957583e-04 3.982000904288740539e-04 -2.474504446924805090e-04 2.495485473510937469e-04 9.999973513599731412e-01 -2.295053573421886386e-03 -2.803656489842715205e-02 -3.976274139588864900e-04 2.295152418724300415e-03 9.999972975227457983e-01 1.379686771243996191e+00 0.000000000000000000e+00 0.000000000000000000e+00 0.000000000000000000e+00 1.000000000000000000e+00
9.999942006038781139e-01 3.312075570104375862e-03 7.740331513445032618e-04 -4.584084490886930485e-03 -3.311756447849688659e-03 9.999944348030150865e-01 -4.150447112410647881e-04 -2.451606435318298693e-02 -7.754039565115032791e-04 4.124788961517445850e-04 9.999995614179910675e-01 1.385487890322497861e+00 0.000000000000000000e+00 0.000000000000000000e+00 0.000000000000000000e+00 1.000000000000000000e+00
9.999994527475379869e-01 9.409498703161247842e-04 3.905102097174709824e-04 -2.981528947054334910e-03 -9.401211154260344328e-04 9.999973308686459506e-01 -2.114918236217270490e-03 -2.529919433304977927e-02 -3.924988047023028614e-04 2.114549553226902946e-03 9.999976875226431750e-01 1.382524133232379882e+00 0.000000000000000000e+00 0.000000000000000000e+00 0.000000000000000000e+00 1.000000000000000000e+00
9.999996308381938759e-01 8.935066619226750577e-04 -7.229338841061765455e-05 -3.154851609365530440e-03 -8.935408970413307155e-04 9.999994984356298522e-01 -4.634597104548553691e-04 -2.599817704891738135e-02 7.187865471627429698e-05 4.635242027283418068e-04 9.999998674643332253e-01 1.393127331890589460e+00 0.000000000000000000e+00 0.000000000000000000e+00 0.000000000000000000e+00 1.000000000000000000e+00
9.999999201110931768e-01 7.321029391669329621e-05 -8.710296049564128160e-05 -2.968448807511500642e-03 -7.300926539568969645e-05 9.999972934448992934e-01 2.303949055667601619e-03 -2.596732291857928310e-02 8.727154761879870812e-05 -2.303942696747567857e-03 9.999973565476898418e-01 1.397172191879811010e+00 0.000000000000000000e+00 0.000000000000000000e+00 0.000000000000000000e+00 1.000000000000000000e+00
9.999996212596833356e-01 7.727938182857636102e-04 -4.212865972125640068e-04 -1.792456440581735588e-03 -7.721193357684932347e-04 9.999985036933198845e-01 1.599194464968223175e-03 -2.295592914156374675e-02 4.225224085423551559e-04 -1.598868100524190351e-03 9.999986058326815197e-01 1.398042122827490630e+00 0.000000000000000000e+00 0.000000000000000000e+00 0.000000000000000000e+00 1.000000000000000000e+00
9.999964216140568851e-01 2.702552894733963994e-03 -2.353313532682662843e-05 -2.318464324301924839e-03 -2.702561052569129197e-03 9.999962081020339344e-01 -3.184922320609109869e-04 -2.386718827661793441e-02 2.267232333585640983e-05 3.185547145536713051e-04 9.999999491607143298e-01 1.395670813623667073e+00 0.000000000000000000e+00 0.000000000000000000e+00 0.000000000000000000e+00 1.000000000000000000e+00
9.999966918085229084e-01 2.536503790392789261e-03 1.391977575305194080e-04 -1.646511358082081156e-03 -2.536479609127768962e-03 9.999968441378940254e-01 -1.820036450131295763e-04 -1.933200378373112205e-02 -1.396591264354873907e-04 1.816499079766687678e-04 9.999999801429787505e-01 1.402818614929991270e+00 0.000000000000000000e+00 0.000000000000000000e+00 0.000000000000000000e+00 1.000000000000000000e+00
9.999976981495989348e-01 2.153736481314510662e-03 7.055912382935430882e-06 -4.496104942591394593e-03 -2.153738749769013461e-03 9.999974891426827162e-01 5.110090612606377159e-04 -2.624609323115323356e-02 -5.955025763016916218e-06 -5.110229955561457421e-04 9.999999430796645550e-01 1.406637397071762052e+00 0.000000000000000000e+00 0.000000000000000000e+00 0.000000000000000000e+00 1.000000000000000000e+00
9.999994243502287050e-01 1.105558383403385187e-03 -2.694288327819180200e-04 -2.030025376050861863e-03 -1.105484311891586019e-03 9.999993499820158949e-01 2.769412841742694602e-04 -2.335177817134848066e-02 2.697343741733309805e-04 -2.766431049813314899e-04 9.999998539842838152e-01 1.407581092409358803e+00 0.000000000000000000e+00 0.000000000000000000e+00 0.000000000000000000e+00 1.000000000000000000e+00
9.999992612026405991e-01 -1.049809573041925832e-03 -4.279288304118921901e-04 1.070643288378039792e-03 1.049631280751255448e-03 9.999993823370744161e-01 -4.151627959884318588e-04 -2.404019145826385984e-02 4.283643284694101799e-04 4.147131804980093189e-04 9.999998793005896447e-01 1.409632759964630111e+00 0.000000000000000000e+00 0.000000000000000000e+00 0.000000000000000000e+00 1.000000000000000000e+00
9.999994831991638744e-01 -8.350154410882620936e-04 -6.867756104222493517e-04 1.379786574874405924e-03 8.345830947570321515e-04 9.999994534735771046e-01 -6.294211078346180965e-04 -2.089876702734072556e-02 6.873015905635932246e-04 6.288473843209231541e-04 9.999995466424412838e-01 1.413070887595779368e+00 0.000000000000000000e+00 0.000000000000000000e+00 0.000000000000000000e+00 1.000000000000000000e+00
9.999993219374468945e-01 -6.248137230170691713e-04 -9.640592068278040902e-04 9.175266473576207393e-04 6.255228594561955489e-04 9.999995914207941983e-01 7.353122027255996635e-04 -2.085783023714526951e-02 9.635986983668592140e-04 -7.359146108493635520e-04 9.999992503486853090e-01 1.415790743305386457e+00 0.000000000000000000e+00 0.000000000000000000e+00 0.000000000000000000e+00 1.000000000000000000e+00
9.999994514616921126e-01 2.110514646499717876e-04 -1.007777308693829027e-03 -1.438953019854617276e-03 -2.101922061168344524e-04 9.999995678616226957e-01 8.528028316158200962e-04 -2.286896536059979113e-02 1.007956924631718369e-03 -8.525904803418948071e-04 9.999991795830753816e-01 1.422590738211006567e+00 0.000000000000000000e+00 0.000000000000000000e+00 0.000000000000000000e+00 1.000000000000000000e+00
9.999992915926319004e-01 6.382970927495592445e-04 -1.064166438332844050e-03 -1.356852474691548627e-03 -6.380256395237114036e-04 9.999997370022009058e-01 2.537570361472912860e-04 -2.278554800293031146e-02 1.064328295752040715e-03 -2.530779766206774388e-04 9.999993625066347924e-01 1.422532732848800663e+00 0.000000000000000000e+00 0.000000000000000000e+00 0.000000000000000000e+00 1.000000000000000000e+00
9.999992650335743916e-01 -1.015468355895681797e-05 -1.173120329124919961e-03 -7.889803236092035599e-04 9.699268735948411165e-06 9.999999254838750629e-01 -3.866098339622226279e-04 -2.241296177010032586e-02 1.173124732843878245e-03 3.865983740721943770e-04 9.999992340485569509e-01 1.426109629186726124e+00 0.000000000000000000e+00 0.000000000000000000e+00 0.000000000000000000e+00 1.000000000000000000e+00
9.999993639739503948e-01 2.413815689477684129e-04 -1.117301257946333795e-03 8.608126805240146062e-05 -2.399588349953552435e-04 9.999991595760406859e-01 1.272740734900999066e-03 -1.980570453584351576e-02 1.117606489377473596e-03 -1.272471919434862726e-03 9.999986121168300546e-01 1.428841478645438201e+00 0.000000000000000000e+00 0.000000000000000000e+00 0.000000000000000000e+00 1.000000000000000000e+00
9.999987197515765036e-01 -1.389170393391039263e-03 -8.057497784570810499e-04 7.485149396375123665e-04 1.389945857869225162e-03 9.999986293038048979e-01 9.614580886308748790e-04 -2.423287174426769219e-02 8.044130366751203222e-04 -9.625763159424344673e-04 9.999991570575279543e-01 1.427442397191676093e+00 0.000000000000000000e+00 0.000000000000000000e+00 0.000000000000000000e+00 1.000000000000000000e+00
9.999987013198475827e-01 -1.493609972710419932e-03 -6.406850771262222882e-04 2.394833317106659365e-03 1.493551803044407310e-03 9.999988438689925152e-01 -9.157205941367129939e-05 -2.421844700556929908e-02 6.408213858295217294e-04 9.061484106903097344e-05 9.999998558966178841e-01 1.431899198167883469e+00 0.000000000000000000e+00 0.000000000000000000e+00 0.000000000000000000e+00 1.000000000000000000e+00
9.999971111028738147e-01 -2.281575244951540050e-03 -6.241232050985378449e-04 3.703158380671423000e-03 2.281302854719837684e-03 9.999972602129258981e-01 -4.386840144405407260e-04 -2.439766912108609631e-02 6.251230591030609851e-04 4.372583692195180713e-04 9.999997115051252328e-01 1.428836426597165143e+00 0.000000000000000000e+00 0.000000000000000000e+00 0.000000000000000000e+00 1.000000000000000000e+00
9.999991165547369443e-01 -1.346933332748794692e-03 -7.708013022523704794e-05 4.957746222442271922e-03 1.346966382662570039e-03 9.999990510298449875e-01 4.374287245868403035e-04 -2.111727052073852917e-02 7.649086130858719079e-05 -4.375308147822206360e-04 9.999998803711053208e-01 1.428098384340820814e+00 0.000000000000000000e+00 0.000000000000000000e+00 0.000000000000000000e+00 1.000000000000000000e+00
9.999991772868865869e-01 -1.215101952970145836e-03 4.297459119018166851e-04 4.649806106558240781e-03 1.214827955029072889e-03 9.999990704227326166e-01 6.377937764418008249e-04 -2.370671451537309515e-02 -4.305203073331573954e-04 -6.372709008599791725e-04 9.999996431958243504e-01 1.429465364718019771e+00 0.000000000000000000e+00 0.000000000000000000e+00 0.000000000000000000e+00 1.000000000000000000e+00
9.999994220501985387e-01 -1.025652254000814466e-03 3.833890798002736328e-04 3.771006259234321867e-03 1.025410141657703183e-03 9.999992622298072842e-01 6.298211093433512403e-04 -2.509487287967848701e-02 -3.840347962903965795e-04 -6.294284625412405708e-04 9.999997584434843212e-01 1.424691415186735810e+00 0.000000000000000000e+00 0.000000000000000000e+00 0.000000000000000000e+00 1.000000000000000000e+00
9.999979884333297653e-01 -1.931650504100312308e-03 4.283395259457121323e-04 2.876622678536777666e-03 1.931838174631090145e-03 9.999980463107520645e-01 -4.338654961221545016e-04 -2.890851013208139975e-02 -4.275013868849132648e-04 4.346917792533771738e-04 9.999998129578591133e-01 1.423926211978312040e+00 0.000000000000000000e+00 0.000000000000000000e+00 0.000000000000000000e+00 1.000000000000000000e+00
9.999988527027672269e-01 -1.499859851537217346e-03 4.773743724414709205e-04 4.710835841987115469e-03 1.500265241141704019e-03 9.999984915002152475e-01 -8.500295124371365363e-04 -2.559272563403380829e-02 -4.760986422956839728e-04 8.507453228073090686e-04 9.999995304842043131e-01 1.419798433550639061e+00 0.000000000000000000e+00 0.000000000000000000e+00 0.000000000000000000e+00 1.000000000000000000e+00
9.999997008965870737e-01 7.802808920737562309e-05 6.455827604369989738e-04 2.465953384963026629e-03 -7.765855007861024659e-05 9.999998706237797075e-01 -5.726406683067971834e-04 -2.553711586344609152e-02 -6.456272694678761442e-04 5.725909227125712715e-04 9.999995945392898822e-01 1.417464582557045105e+00 0.000000000000000000e+00 0.000000000000000000e+00 0.000000000000000000e+00 1.000000000000000000e+00
9.999982173465359336e-01 1.737820625189171429e-03 8.067887699888492796e-04 5.593097533842794622e-04 -1.737870406376354959e-03 9.999984532003026727e-01 6.016464128893658780e-05 -2.368949202879089277e-02 -8.066832953774185841e-04 -6.156686647066289195e-05 9.999997355698133639e-01 1.413665962421262634e+00 0.000000000000000000e+00 0.000000000000000000e+00 0.000000000000000000e+00 1.000000000000000000e+00
9.999959002338394409e-01 2.830929297962728099e-03 4.890057215538221556e-04 -5.838561076178999665e-03 -2.831579571335860867e-03 9.999951143185492608e-01 1.332633313465369281e-03 -2.912402412792491901e-02 -4.852308144570587761e-04 -1.334013077940010127e-03 9.999989538064123495e-01 1.412775481810228939e+00 0.000000000000000000e+00 0.000000000000000000e+00 0.000000000000000000e+00 1.000000000000000000e+00
9.999929211255947914e-01 3.658288710377863295e-03 7.816495002140920814e-04 -4.750574211352331933e-03 -3.659311971254610753e-03 9.999924936420876431e-01 1.309976653155114218e-03 -2.691475543561261397e-02 -7.768501961854263477e-04 -1.312826422935009507e-03 9.999988685370716501e-01 1.413993973037563023e+00 0.000000000000000000e+00 0.000000000000000000e+00 0.000000000000000000e+00 1.000000000000000000e+00
9.999931141857629768e-01 3.646393648952654578e-03 7.575694831710795725e-04 -6.213498788441490506e-03 -3.646811748594562443e-03 9.999931157002287518e-01 5.522080969412104801e-04 -2.741238337127605007e-02 -7.555515866441031179e-04 -5.549682709318918064e-04 9.999995502568467254e-01 1.409670678940813104e+00 0.000000000000000000e+00 0.000000000000000000e+00 0.000000000000000000e+00 1.000000000000000000e+00
9.999896601177762356e-01 4.491911288337765464e-03 6.672605268068096873e-04 -6.102085339717249271e-03 -4.491649958391450738e-03 9.999898494844681185e-01 -3.935819197940842659e-04 -2.551253249882079466e-02 -6.690217444371137365e-04 3.905822425406529214e-04 9.999996551833982839e-01 1.399964367609157989e+00 0.000000000000000000e+00 0.000000000000000000e+00 0.000000000000000000e+00 1.000000000000000000e+00
9.999950800648641502e-01 3.065618489948870526e-03 7.198802516568493298e-04 -4.546509578730643930e-03 -3.065277505045043913e-03 9.999952253599188046e-01 -4.837686868640915169e-04 -2.454718182205528620e-02 -7.213597614693363462e-04 4.815586376660596982e-04 9.999996827668160559e-01 1.402482479510211988e+00 0.000000000000000000e+00 0.000000000000000000e+00 0.000000000000000000e+00 1.000000000000000000e+00
9.999974449801034559e-01 2.149096066788604240e-03 6.984959451789628064e-04 -7.260095445578276796e-03 -2.148906155893083071e-03 9.999976361422152626e-01 -2.666453820753542439e-04 -3.049999009574455577e-02 -6.990673737626430621e-04 2.651439991647784947e-04 9.999997127080494375e-01 1.401918428848532017e+00 0.000000000000000000e+00 0.000000000000000000e+00 0.000000000000000000e+00 1.000000000000000000e+00
9.999998708875452724e-01 2.719240489174992769e-04 3.365258648067980668e-04 -3.026600045792693372e-03 -2.719692644894110018e-04 9.999999319218439986e-01 1.333734562053165776e-04 -2.683512286702338656e-02 -3.364890470625939850e-04 -1.334649956526079081e-04 9.999998786509083359e-01 1.396183091233382356e+00 0.000000000000000000e+00 0.000000000000000000e+00 0.000000000000000000e+00 1.000000000000000000e+00
9.999992337946030929e-01 -1.235589134526979228e-03 1.541515319110771907e-04 -4.758715152104742163e-04 1.235561185194034624e-03 9.999992731332326690e-01 1.658305266328437277e-04 -2.633958388397616979e-02 -1.543563876762966882e-04 -1.656393231653828860e-04 1.000000025596422093e+00 1.394066980155301394e+00 0.000000000000000000e+00 0.000000000000000000e+00 0.000000000000000000e+00 1.000000000000000000e+00
9.999992782906584887e-01 -1.167684984110396685e-03 -6.648346278523070349e-05 8.796408115880616219e-04 1.167626742205535480e-03 9.999987910562505578e-01 -9.521276966408154414e-04 -2.505497138429380044e-02 6.759513944549111648e-05 9.520485504761117858e-04 9.999995260227679816e-01 1.390392610632162018e+00 0.000000000000000000e+00 0.000000000000000000e+00 0.000000000000000000e+00 1.000000000000000000e+00
9.999997200151820032e-01 -7.467543588826035120e-04 -2.803623319645070274e-04 -1.623314444243545429e-03 7.467135091455786482e-04 9.999997931856773326e-01 -1.278851425757956788e-04 -2.676270440894912284e-02 2.804568029988446093e-04 1.276755057726198031e-04 9.999999907066340343e-01 1.385409611277182762e+00 0.000000000000000000e+00 0.000000000000000000e+00 0.000000000000000000e+00 1.000000000000000000e+00
1.000000012934499027e+00 4.474638601786250599e-05 -2.324068631992203243e-04 -1.539067930938636808e-03 -4.468176013060728334e-05 9.999999629519271682e-01 2.693561274785837879e-04 -2.534803614279068640e-02 2.324197146153334729e-04 -2.693463140427164795e-04 9.999998865152479599e-01 1.386177343622250646e+00 0.000000000000000000e+00 0.000000000000000000e+00 0.000000000000000000e+00 1.000000000000000000e+00
9.999996754170294988e-01 -4.548552693553260698e-04 -5.329039980984295790e-04 -5.949231436013058261e-03 4.545769761122186070e-04 9.999997389270085524e-01 -5.226460773498473218e-04 -2.675238260928480827e-02 5.331412588338235118e-04 5.224042043331152824e-04 9.999997423630639926e-01 1.386360275545442278e+00 0.000000000000000000e+00 0.000000000000000000e+00 0.000000000000000000e+00 1.000000000000000000e+00
9.999996807397687482e-01 3.550342276728834785e-04 -7.261785918620415397e-04 -8.959621244499213488e-03 -3.547862375891681214e-04 9.999998183128295803e-01 3.539237722927773833e-04 -2.491826421730669594e-02 7.263040798146528157e-04 -3.536665677652279377e-04 9.999996501719412567e-01 1.381867439318725133e+00 0.000000000000000000e+00 0.000000000000000000e+00 0.000000000000000000e+00 1.000000000000000000e+00
9.999995016092300126e-01 -3.805883843780053996e-04 -9.420325597151532225e-04 -1.433448947006769197e-02 3.812634986078932125e-04 9.999996775900777957e-01 7.034810833069886360e-04 -2.874175256431543701e-02 9.417646745428523382e-04 -7.038393322379909653e-04 9.999993615872555530e-01 1.384431575246225066e+00 0.000000000000000000e+00 0.000000000000000000e+00 0.000000000000000000e+00 1.000000000000000000e+00
9.999971050356364355e-01 -2.124376819989436029e-03 -1.146285431570079512e-03 -7.836298743542731080e-03 2.125583203014799749e-03 9.999971874422017848e-01 1.046466160926043561e-03 -2.545485151057724771e-02 1.144058630185382057e-03 -1.048899313267467361e-03 9.999987112213720719e-01 1.378848266849217907e+00 0.000000000000000000e+00 0.000000000000000000e+00 0.000000000000000000e+00 1.000000000000000000e+00
9.999969659176454195e-01 -2.141340766927013906e-03 -1.216447725972547760e-03 -1.087215042003562837e-02 2.142190832358697571e-03 9.999974749251151485e-01 7.043686283111864205e-04 -2.729603616386300224e-02 1.214936855470787318e-03 -7.069716872632461277e-04 9.999990870304256152e-01 1.377145634250226180e+00 0.000000000000000000e+00 0.000000000000000000e+00 0.000000000000000000e+00 1.000000000000000000e+00
9.999978552689202660e-01 -1.988039343808021154e-03 -6.264284717526743054e-04 -8.464906682514788949e-03 1.988140749191538020e-03 9.999980604078454460e-01 1.604560162365405510e-04 -2.567069910632158170e-02 6.261073968123224628e-04 -1.617008143076281365e-04 9.999997540758841508e-01 1.368801318715597404e+00 0.000000000000000000e+00 0.000000000000000000e+00 0.000000000000000000e+00 1.000000000000000000e+00
9.999990761662272964e-01 -1.291011492605565608e-03 -4.725206473409839132e-04 -1.203419556692850168e-02 1.290689995640003198e-03 9.999989278391788750e-01 -6.816967916934988173e-04 -2.702378642142466703e-02 4.734012410350322414e-04 6.810858794609212993e-04 9.999996680072378297e-01 1.365951361549932130e+00 0.000000000000000000e+00 0.000000000000000000e+00 0.000000000000000000e+00 1.000000000000000000e+00
9.999992115787191826e-01 -1.225377695301813888e-03 -2.768476361296240071e-04 -1.127865579395531670e-02 1.225233192335974889e-03 9.999991275687166725e-01 -5.212030205337028071e-04 -2.568184028178532863e-02 2.774861879628991168e-04 5.208639138595538842e-04 9.999998283853744896e-01 1.362046513558127003e+00 0.000000000000000000e+00 0.000000000000000000e+00 0.000000000000000000e+00 1.000000000000000000e+00
9.999997311078969719e-01 6.609590642961348482e-04 -1.346433950754240272e-04 -1.806272642975031983e-02 -6.610101904333697724e-04 9.999996501820452854e-01 -3.819077214468301340e-04 -2.728569916671941264e-02 1.343907426024611509e-04 3.819950850565247483e-04 9.999999473818483864e-01 1.357342764291828985e+00 0.000000000000000000e+00 0.000000000000000000e+00 0.000000000000000000e+00 1.000000000000000000e+00
9.999999572730393638e-01 -1.996981967214923111e-04 1.207774081303687741e-04 -1.527487808508393163e-02 1.997810500709709192e-04 9.999997233723182388e-01 -6.916479564109999714e-04 -2.654281762099164332e-02 -1.206395018573738764e-04 6.916720786262729737e-04 9.999997626705657838e-01 1.353034516242516361e+00 0.000000000000000000e+00 0.000000000000000000e+00 0.000000000000000000e+00 1.000000000000000000e+00
9.999997430910302354e-01 7.264967012987056088e-04 2.443470469906273285e-04 -1.450313202262146217e-02 -7.263317851776641878e-04 9.999995869426536732e-01 -6.738994021342702666e-04 -2.583562887114498885e-02 -2.448363614122170059e-04 6.737226185602072578e-04 9.999996700856524923e-01 1.351615481761768933e+00 0.000000000000000000e+00 0.000000000000000000e+00 0.000000000000000000e+00 1.000000000000000000e+00
9.999986658811078621e-01 1.598293549454068378e-03 3.686012907013367854e-04 -1.650214189939999687e-02 -1.598342361460263188e-03 9.999986554693230945e-01 1.315258102256981233e-04 -2.587813923924775494e-02 -3.683906622824260728e-04 -1.321147621672169419e-04 9.999999715474890971e-01 1.349683086538306043e+00 0.000000000000000000e+00 0.000000000000000000e+00 0.000000000000000000e+00 1.000000000000000000e+00
9.999998441407002003e-01 4.631030673100558861e-04 2.400232557153640471e-04 -8.794937834881305649e-03 -4.634336985106113512e-04 9.999990176311051027e-01 1.376969909582587658e-03 -2.212018523516512403e-02 -2.393855183103971510e-04 -1.377081199394694817e-03 9.999989793980410546e-01 1.345145379108316774e+00 0.000000000000000000e+00 0.000000000000000000e+00 0.000000000000000000e+00 1.000000000000000000e+00
9.999991192505292004e-01 1.298950280105954161e-03 1.571591037524359274e-04 -1.574360234767199773e-02 -1.299194677888922339e-03 9.999979056997284621e-01 1.560728970879911130e-03 -2.772929745828722758e-02 -1.551312768012570210e-04 -1.560931534948337140e-03 9.999988291572557975e-01 1.345047584510410843e+00 0.000000000000000000e+00 0.000000000000000000e+00 0.000000000000000000e+00 1.000000000000000000e+00
9.999998502705195191e-01 -5.270440308425627203e-04 5.657394641685230610e-05 -1.247572099633481590e-02 5.271181340628180610e-04 9.999989985949122584e-01 -1.309238753379131544e-03 -2.799907661571676698e-02 -5.588320371441215378e-05 1.309268291959351377e-03 9.999990841992322244e-01 1.340399774719315928e+00 0.000000000000000000e+00 0.000000000000000000e+00 0.000000000000000000e+00 1.000000000000000000e+00
9.999999770312418823e-01 -1.193402714577999294e-04 9.701201028821954814e-05 -1.376639558456678458e-02 1.195954892996220151e-04 9.999965040447570397e-01 -2.642166204408067775e-03 -2.780774996248291941e-02 -9.669726271017541758e-05 2.642176987281750263e-03 9.999965328939310893e-01 1.338530724418077966e+00 0.000000000000000000e+00 0.000000000000000000e+00 0.000000000000000000e+00 1.000000000000000000e+00
9.999998476878172449e-01 -5.366820810759362435e-04 -3.953407864734940699e-05 -5.440562946726547333e-03 5.366356420267909310e-04 9.999991668480904261e-01 -1.177013057795027202e-03 -2.064835768507222724e-02 4.016657733158825183e-05 1.176991661385302489e-03 9.999993140870572228e-01 1.336278695630952029e+00 0.000000000000000000e+00 0.000000000000000000e+00 0.000000000000000000e+00 1.000000000000000000e+00
9.999977428753651365e-01 -2.132817583167903683e-03 1.383448986941064260e-04 -1.415288836719807292e-02 2.132635524709226935e-03 9.999968655134290341e-01 1.305467723871721938e-03 -2.703059541182906145e-02 -1.411291163372612595e-04 -1.305169645321143648e-03 9.999991330381604593e-01 1.344521694042299487e+00 0.000000000000000000e+00 0.000000000000000000e+00 0.000000000000000000e+00 1.000000000000000000e+00
9.999969974025605390e-01 -2.369683984106100462e-03 6.015357534617745729e-04 -1.201535053942683409e-02 2.368408675912000647e-03 9.999949395999835344e-01 2.113316985590195027e-03 -2.644304024517341034e-02 -6.065414748441569880e-04 -2.111885866022020133e-03 9.999975733546568879e-01 1.341081558863407963e+00 0.000000000000000000e+00 0.000000000000000000e+00 0.000000000000000000e+00 1.000000000000000000e+00
9.999983263018688007e-01 -1.582390273341093608e-03 9.142816421156508763e-04 -1.934926455176049637e-02 1.581783438902243343e-03 9.999985942766160818e-01 6.646142847874236814e-04 -3.187416163480305542e-02 -9.153318787590055804e-04 -6.631667112626709118e-04 9.999993335640465775e-01 1.338119794148553865e+00 0.000000000000000000e+00 0.000000000000000000e+00 0.000000000000000000e+00 1.000000000000000000e+00
9.999994055985723662e-01 -8.828288931044392515e-04 7.115870803886029626e-04 -1.821419300528684393e-02 8.838565506444522654e-04 9.999985140111559145e-01 -1.444965648879548495e-03 -3.059263541864742919e-02 -7.103101830948995062e-04 1.445593885766446526e-03 9.999987691371421406e-01 1.331887416033552540e+00 0.000000000000000000e+00 0.000000000000000000e+00 0.000000000000000000e+00 1.000000000000000000e+00
9.999979158920524469e-01 1.907442001727557845e-03 6.680561368555348141e-04 -1.804972683017014301e-02 -1.905832081013925051e-03 9.999952694268191555e-01 -2.403194780722216466e-03 -2.916811420706855174e-02 -6.726367914487831404e-04 2.401916310348570227e-03 9.999968138566465159e-01 1.328313626650754031e+00 0.000000000000000000e+00 0.000000000000000000e+00 0.000000000000000000e+00 1.000000000000000000e+00
9.999975684187715208e-01 1.952221110366936371e-03 1.087717121584404851e-03 -7.756713161027550818e-03 -1.949825173417601976e-03 9.999957169300059956e-01 -2.199605315750512418e-03 -2.206969523137924938e-02 -1.092006656066188538e-03 2.197478187961365761e-03 9.999970100896925507e-01 1.323570000985583306e+00 0.000000000000000000e+00 0.000000000000000000e+00 0.000000000000000000e+00 1.000000000000000000e+00
9.999943247300965288e-01 3.037415729397218746e-03 1.414027657712558454e-03 -8.526485802873295938e-03 -3.037104905680346797e-03 9.999954075628723071e-01 -2.234370487993202117e-04 -2.019726806052801749e-02 -1.414699810485340031e-03 2.191410678557240317e-04 9.999990057044336744e-01 1.331507230879751091e+00 0.000000000000000000e+00 0.000000000000000000e+00 0.000000000000000000e+00 1.000000000000000000e+00
9.999980192170635496e-01 1.431310034627051317e-03 1.419224036664920845e-03 -6.631893417661016699e-03 -1.434399268450775328e-03 9.999965237987521460e-01 2.178317944028691951e-03 -1.810986918848156435e-02 -1.416100920193995218e-03 -2.180348741034254714e-03 9.999966054014624017e-01 1.332904778907206378e+00 0.000000000000000000e+00 0.000000000000000000e+00 0.000000000000000000e+00 1.000000000000000000e+00
9.999994209732609995e-01 9.198886493506991055e-05 1.048436380812069191e-03 -4.563154758473686456e-03 -9.455073543511290860e-05 9.999969866967203247e-01 2.444600154811896707e-03 -1.933001043223248061e-02 -1.048209952254795015e-03 -2.444697041341577313e-03 9.999964964632462872e-01 1.334367780238906676e+00 0.000000000000000000e+00 0.000000000000000000e+00 0.000000000000000000e+00 1.000000000000000000e+00
9.999991607162832530e-01 -9.987698063498972722e-04 7.758718288776687844e-04 -3.251186953964979587e-03 9.982230911687965929e-04 9.999993372961846205e-01 7.046515067116259322e-04 -1.905491737813891362e-02 -7.765739895406239407e-04 -7.038765732222092633e-04 9.999994509227564388e-01 1.333836852760370562e+00 0.000000000000000000e+00 0.000000000000000000e+00 0.000000000000000000e+00 1.000000000000000000e+00
9.999993655567533946e-01 5.052398618268271260e-04 1.025489849495643188e-03 -9.906379049359204103e-03 -5.044744638731526532e-04 9.999995884720440653e-01 -7.474537997082565666e-04 -2.649905011558617574e-02 -1.025866992758660279e-03 7.469366844989840971e-04 9.999992114241461616e-01 1.343060995387276080e+00 0.000000000000000000e+00 0.000000000000000000e+00 0.000000000000000000e+00 1.000000000000000000e+00
9.999976657293583315e-01 1.760208138580969485e-03 1.244461597203143366e-03 -2.235942423171710658e-02 -1.759618210379452694e-03 9.999983238498010296e-01 -4.746011930601302248e-04 -3.980446742336418708e-02 -1.245295039667415615e-03 4.724105178198940991e-04 9.999990431208851671e-01 1.363645455164245845e+00 0.000000000000000000e+00 0.000000000000000000e+00 0.000000000000000000e+00 1.000000000000000000e+00
9.999973066874092709e-01 2.027251734469285183e-03 1.144450478601080623e-03 -1.888544822504489851e-02 -2.026821352201535562e-03 9.999978478555872075e-01 -3.745259115872459112e-04 -3.361468993014238293e-02 -1.145206847330985933e-03 3.722037913732314726e-04 9.999992623678745085e-01 1.355592514877073995e+00 0.000000000000000000e+00 0.000000000000000000e+00 0.000000000000000000e+00 1.000000000000000000e+00
9.999991203054506839e-01 7.477017159593903279e-04 1.126749066699911025e-03 -1.778533950081251369e-02 -7.465072213760353282e-04 9.999991932420649876e-01 -1.066961238032902368e-03 -3.432022609601448337e-02 -1.127546267784324333e-03 1.066119126500670103e-03 9.999988301369487909e-01 1.359102050055980726e+00 0.000000000000000000e+00 0.000000000000000000e+00 0.000000000000000000e+00 1.000000000000000000e+00
9.999988214729088609e-01 1.089297925354762789e-03 1.095363603266206326e-03 -1.499047659955810019e-02 -1.088680127393041501e-03 9.999992666720982637e-01 -5.622366575563357994e-04 -2.849285725394645752e-02 -1.095975809054969621e-03 5.610436016340407655e-04 9.999992489344008417e-01 1.353467527340939114e+00 0.000000000000000000e+00 0.000000000000000000e+00 0.000000000000000000e+00 1.000000000000000000e+00
9.999991975329859395e-01 -8.402029070112546939e-04 9.104425247200547550e-04 -2.110444849435211268e-02 8.404418928876796315e-04 9.999995345154661930e-01 -2.592280260483670416e-04 -4.158060249152928378e-02 -9.102248903951268288e-04 2.599929834012991003e-04 9.999995091784685819e-01 1.355196824236401199e+00 0.000000000000000000e+00 0.000000000000000000e+00 0.000000000000000000e+00 1.000000000000000000e+00
9.999995467684592576e-01 -5.208698566373886046e-04 7.619275560091422900e-04 -1.673683976753337355e-02 5.202623616718699299e-04 9.999996041935909075e-01 7.922663563955999015e-04 -3.372182191414285768e-02 -7.623354807942701178e-04 -7.918690493074738521e-04 9.999994153813890341e-01 1.356962986229333978e+00 0.000000000000000000e+00 0.000000000000000000e+00 0.000000000000000000e+00 1.000000000000000000e+00
9.999991802830082710e-01 -9.556660841637739127e-04 8.279491748871201096e-04 -1.927051916236877105e-02 9.544082406170967909e-04 9.999984037845750517e-01 1.527891875219738235e-03 -3.733639008160150041e-02 -8.294180110481833706e-04 -1.527100997856796526e-03 9.999984918844430082e-01 1.357199243386958187e+00 0.000000000000000000e+00 0.000000000000000000e+00 0.000000000000000000e+00 1.000000000000000000e+00
9.999994643789500426e-01 -9.970564020961168901e-04 3.180212383314378471e-04 -1.379188657881114111e-02 9.970268588817177320e-04 9.999994298686714078e-01 7.244083021858138682e-05 -3.073741663814377745e-02 -3.180798093526809867e-04 -7.212277532839391977e-05 9.999999466968739759e-01 1.348542051836147948e+00 0.000000000000000000e+00 0.000000000000000000e+00 0.000000000000000000e+00 1.000000000000000000e+00
9.999978332916046320e-01 -2.074039924314326645e-03 -2.790636654631355185e-05 -1.402696520472401787e-02 2.074052684378561474e-03 9.999977752675907050e-01 3.895583479896240139e-04 -3.274872209365664588e-02 2.708727354788949271e-05 -3.896155570173500532e-04 9.999999325921471449e-01 1.353832489623158608e+00 0.000000000000000000e+00 0.000000000000000000e+00 0.000000000000000000e+00 1.000000000000000000e+00
9.999985951419356756e-01 -1.662679298504146337e-03 -3.289068780560813060e-04 -1.780442446146013324e-02 1.662852668967792005e-03 9.999984712200911119e-01 5.259494880093277744e-04 -4.028893665750432618e-02 3.280361385381500017e-04 -5.264963180822371941e-04 9.999998190101794249e-01 1.351441524606599387e+00 0.000000000000000000e+00 0.000000000000000000e+00 0.000000000000000000e+00 1.000000000000000000e+00
