9.999967999996983714e-01 -1.958988012141794997e-03 -1.630129170451822054e-03 3.499722903745231678e-03 1.957400987442375461e-03 9.999975999996774112e-01 -9.745060562301359822e-04 -9.789328201448413425e-03 1.632034828839420797e-03 9.713119440844915570e-04 9.999982000006250038e-01 5.653511000028906830e-01 0.000000000000000000e+00 0.000000000000000000e+00 0.000000000000000000e+00 1.000000000000000000e+00
9.999991441717476226e-01 -5.138761561595568813e-04 -1.128339424440731381e-03 -1.432853549109026903e-03 5.123641478894090141e-04 9.999989112473167685e-01 -1.340118420715792234e-03 -1.207470003646698119e-02 1.129026763390912104e-03 1.339538832561289151e-03 9.999984431601355306e-01 5.622709788595682268e-01 0.000000000000000000e+00 0.000000000000000000e+00 0.000000000000000000e+00 1.000000000000000000e+00
9.999983558000432593e-01 -4.980071227803496529e-05 -1.828062275450228254e-03 -7.501553359847245098e-03 4.759777805489968157e-05 9.999993151711773498e-01 -1.205286607870615680e-03 -1.767643035958103848e-02 1.828121472044137111e-03 1.205196943196670464e-03 9.999976325038681946e-01 5.616831996137059413e-01 0.000000000000000000e+00 0.000000000000000000e+00 0.000000000000000000e+00 1.000000000000000000e+00
9.999957978908941003e-01 -2.111821617839806497e-03 -2.019303229945589549e-03 -4.714454151949903915e-03 2.107960885251326973e-03 9.999959338680195486e-01 -1.912318234807400610e-03 -1.582208235234058846e-02 2.023332469489402298e-03 1.908052934796558662e-03 9.999960899855298013e-01 5.621576418505376260e-01 0.000000000000000000e+00 0.000000000000000000e+00 0.000000000000000000e+00 1.000000000000000000e+00
9.999956479480751614e-01 -2.472050683922437288e-03 -1.567362617896186569e-03 -1.649416591812590156e-03 2.468730168057293485e-03 9.999947121435746045e-01 -2.117989880186974330e-03 -1.192282635174256311e-02 1.572590212151406264e-03 2.114111114276865863e-03 9.999965420041866393e-01 5.648721369230371714e-01 0.000000000000000000e+00 0.000000000000000000e+00 0.000000000000000000e+00 1.000000000000000000e+00
9.999983988373795096e-01 -1.169335479316516678e-03 -1.392975082433235007e-03 -4.697164908309553639e-03 1.168051798880197266e-03 9.999989361787914310e-01 -9.218983076442737595e-04 -1.217009078632533964e-02 1.394052180417602524e-03 9.202709056282312033e-04 9.999986555164501745e-01 5.743745099560109146e-01 0.000000000000000000e+00 0.000000000000000000e+00 0.000000000000000000e+00 1.000000000000000000e+00
9.999989714739954128e-01 -2.213771341775921378e-04 -1.365384653412347535e-03 -6.424288876219983943e-03 2.224294632976285134e-04 9.999996748970598759e-01 7.698677114357970266e-04 -1.409418856483066196e-02 1.365214067768292724e-03 -7.701718832949277019e-04 9.999987364169011794e-01 5.794357092210855598e-01 0.000000000000000000e+00 0.000000000000000000e+00 0.000000000000000000e+00 1.000000000000000000e+00
9.999993460055645045e-01 -2.839643805838073013e-04 -1.157271827186548072e-03 -8.179010245732956999e-03 2.837253680346679251e-04 9.999998863426645679e-01 -2.056144229733349732e-04 -2.033520826663490211e-02 1.157320434427970904e-03 2.052860412297546899e-04 9.999992749973046768e-01 5.870128624276409468e-01 0.000000000000000000e+00 0.000000000000000000e+00 0.000000000000000000e+00 1.000000000000000000e+00
9.999991249988336994e-01 5.620342266999234747e-04 -1.203347593357278686e-03 -7.129065135484358509e-03 -5.649618723690602367e-04 9.999968687070966977e-01 -2.433170966037194807e-03 -1.795724194115393135e-02 1.201982042397232303e-03 2.433845412140436815e-03 9.999964068510348580e-01 5.945486362672252056e-01 0.000000000000000000e+00 0.000000000000000000e+00 0.000000000000000000e+00 1.000000000000000000e+00
9.999977478641021156e-01 1.750523141272905406e-03 -1.175168790239659172e-03 -1.007376278595198578e-02 -1.755079724261482703e-03 9.999909042563358552e-01 -3.887618457294631652e-03 -1.646269730267475861e-02 1.168358840699351697e-03 3.889675776248007269e-03 9.999916781803172006e-01 6.012109960480733761e-01 0.000000000000000000e+00 0.000000000000000000e+00 0.000000000000000000e+00 1.000000000000000000e+00
9.999980200236087136e-01 1.551210366240382988e-03 -1.246761523400658628e-03 -8.737164463508556578e-03 -1.555864346370481460e-03 9.999918238590154163e-01 -3.740781649661779548e-03 -1.049039598920512018e-02 1.240944010473737230e-03 3.742720347999916805e-03 9.999922902956561721e-01 6.130587156771110102e-01 0.000000000000000000e+00 0.000000000000000000e+00 0.000000000000000000e+00 1.000000000000000000e+00
9.999981868687277675e-01 1.471605740166338555e-03 -1.197122697122458834e-03 -8.651468684717965318e-03 -1.472557873858345917e-03 9.999985924527015069e-01 -7.938699975139316967e-04 -7.786837657335038410e-03 1.195958746968171782e-03 7.956154299721719669e-04 9.999989610148150021e-01 6.261390210485622276e-01 0.000000000000000000e+00 0.000000000000000000e+00 0.000000000000000000e+00 1.000000000000000000e+00
9.999965416541765073e-01 2.403263453538544928e-03 -1.057192314449655751e-03 -9.740898930013536239e-03 -2.396399063457046487e-03 9.999763966419235039e-01 6.447173370932354763e-03 -5.580572977826700476e-03 1.072651598687825863e-03 -6.444615602168857205e-03 9.999786052150525517e-01 6.484509035168981583e-01 0.000000000000000000e+00 0.000000000000000000e+00 0.000000000000000000e+00 1.000000000000000000e+00
9.999993948276337807e-01 8.358169294572790134e-04 -7.692051491125333207e-04 -8.157328976751771626e-03 -8.275951027341816018e-04 9.999431491667003513e-01 1.062766966341484494e-02 -9.393659741598420210e-03 7.780445843434853626e-04 -1.062701877523231780e-02 9.999432342174664479e-01 6.649288568519029496e-01 0.000000000000000000e+00 0.000000000000000000e+00 0.000000000000000000e+00 1.000000000000000000e+00
9.999993386784955529e-01 9.563503297249995993e-04 -7.014281393396409880e-04 -7.337758254329243210e-03 -9.512463328074032649e-04 9.999732926743112316e-01 7.240806188987735856e-03 -1.833919278793222363e-02 7.083347168290732299e-04 -7.240132117110982188e-03 9.999735400527515194e-01 6.765604419588289176e-01 0.000000000000000000e+00 0.000000000000000000e+00 0.000000000000000000e+00 1.000000000000000000e+00
9.999963277176746601e-01 2.383929039560831083e-03 -1.251061961908182807e-03 -9.981097241387671543e-03 -2.383806246147269700e-03 9.999971756785467347e-01 1.004684159365398094e-04 -2.237857373234503067e-02 1.251300645365053393e-03 -9.748545436044468715e-05 9.999991825532512646e-01 6.837439219387828615e-01 0.000000000000000000e+00 0.000000000000000000e+00 0.000000000000000000e+00 1.000000000000000000e+00
9.999969831248053387e-01 2.317936288424361259e-03 -8.176303370243838409e-04 -1.096295182463121604e-02 -2.323883053193245927e-03 9.999702776110080960e-01 -7.348037404058337108e-03 -1.502356168229923572e-02 8.005782261943754363e-04 7.349912400731581710e-03 9.999727670294766835e-01 6.920644911815490019e-01 0.000000000000000000e+00 0.000000000000000000e+00 0.000000000000000000e+00 1.000000000000000000e+00
9.999993968449371051e-01 -5.901160254212082287e-04 -9.296311213189828448e-04 -5.517728717441494624e-03 5.834846064411427450e-04 9.999745558285294544e-01 -7.117318599759569347e-03 -4.373125340010775020e-03 9.338017862605234309e-04 7.116769371349076709e-03 9.999741442021659044e-01 7.108414241938465494e-01 0.000000000000000000e+00 0.000000000000000000e+00 0.000000000000000000e+00 1.000000000000000000e+00
9.999966906079590379e-01 -2.205319173689711341e-03 -1.325894405904189804e-03 1.338186553574228013e-04 2.206060368670315335e-03 9.999973629592583402e-01 5.573075759159988596e-04 4.840373254163810035e-04 1.324663653586306833e-03 -5.602301671200418665e-04 9.999989619628161241e-01 7.343664220475076831e-01 0.000000000000000000e+00 0.000000000000000000e+00 0.000000000000000000e+00 1.000000000000000000e+00
9.999994372122787967e-01 -9.604261219165116182e-04 -4.374615790166472284e-04 6.071112047832108102e-03 9.646776667998587570e-04 9.999513036616858308e-01 9.821891026390359644e-03 8.710241205158175681e-04 4.280141250652923224e-04 -9.822304333361821238e-03 9.999517470342016434e-01 7.603995317868879056e-01 0.000000000000000000e+00 0.000000000000000000e+00 0.000000000000000000e+00 1.000000000000000000e+00
9.999998135711739566e-01 -4.608852250124319348e-04 -4.338402947897668227e-04 4.679655445899967570e-03 4.643212724191023199e-04 9.999682486899332812e-01 7.955121499485018344e-03 -5.673615376858065495e-03 4.301543486728287569e-04 -7.955319288147820467e-03 9.999682181046856133e-01 7.766062344148387808e-01 0.000000000000000000e+00 0.000000000000000000e+00 0.000000000000000000e+00 1.000000000000000000e+00
9.999994505797494826e-01 -9.354911455463330071e-04 -4.612610094857604037e-04 2.791954692223187762e-03 9.367718959213249550e-04 9.999957137847660382e-01 2.783770919381787362e-03 -1.143937990070842403e-02 4.586525123359934397e-04 -2.784201326927700226e-03 9.999960523442160687e-01 7.888872187794770952e-01 0.000000000000000000e+00 0.000000000000000000e+00 0.000000000000000000e+00 1.000000000000000000e+00
9.999977593506429452e-01 -2.116902985192196419e-03 -2.561407921615709016e-04 5.872973475437442969e-03 2.116648493482930788e-03 9.999973103257594476e-01 -9.920339656778395798e-04 -1.064539941283548785e-02 2.582449021806543232e-04 9.914851306823298238e-04 9.999994901706621420e-01 8.036748895126333281e-01 0.000000000000000000e+00 0.000000000000000000e+00 0.000000000000000000e+00 1.000000000000000000e+00
9.999996357745829512e-01 -7.488738247566662258e-04 2.906493090858545958e-04 2.728078779593016978e-03 7.496458667943899090e-04 9.999960953339864789e-01 -2.663526243728436133e-03 -9.080331007354280892e-03 -2.886528754428435706e-04 2.663747164891991717e-03 9.999963990310488660e-01 8.213332443671816918e-01 0.000000000000000000e+00 0.000000000000000000e+00 0.000000000000000000e+00 1.000000000000000000e+00
9.999970572627799870e-01 2.343940080606970403e-03 6.636323246401107379e-04 7.369354941156765204e-03 -2.341615418856551889e-03 9.999912578624045034e-01 -3.483768733552104410e-03 -8.384898501654802772e-03 -6.717915092601077498e-04 3.482204035027730744e-03 9.999937236712433952e-01 8.329644420261317350e-01 0.000000000000000000e+00 0.000000000000000000e+00 0.000000000000000000e+00 1.000000000000000000e+00
9.999962257523227205e-01 -2.565757449758219923e-03 9.806895669135264060e-04 1.303806716087357181e-02 2.570925023156647986e-03 9.999826065030976707e-01 -5.304440352658605119e-03 -1.065913399624313085e-02 -9.670655107926161287e-04 5.306940284733419576e-03 9.999853867184348433e-01 8.462398722923119010e-01 0.000000000000000000e+00 0.000000000000000000e+00 0.000000000000000000e+00 1.000000000000000000e+00
9.999959505371504020e-01 -2.763430287754613853e-03 6.015951709871028563e-04 1.750837069127254148e-02 2.767111763472239038e-03 9.999769446752084789e-01 -6.204459815836333228e-03 -1.310251442834609037e-02 -5.844307393540471018e-04 6.206098972739744826e-03 9.999806373817199390e-01 8.597874927702626735e-01 0.000000000000000000e+00 0.000000000000000000e+00 0.000000000000000000e+00 1.000000000000000000e+00
9.999992030025006695e-01 5.948273871693788347e-04 1.164072848162476387e-03 7.354267813919797281e-03 -5.878219013562077525e-04 9.999816913838650567e-01 -6.009933771388020589e-03 -8.060283852582644792e-03 -1.167634119064012849e-03 6.009236595970287274e-03 9.999812577794228163e-01 8.817390693040039196e-01 0.000000000000000000e+00 0.000000000000000000e+00 0.000000000000000000e+00 1.000000000000000000e+00
9.999991061169751783e-01 1.267582591565125181e-03 2.472102047295365868e-04 7.506057169363731379e-03 -1.267349868809050824e-03 9.999988257605519903e-01 -9.377907959750610145e-04 -8.157766731186455456e-03 -2.483939689543850082e-04 9.374848448704797138e-04 9.999995007392080693e-01 9.011465794220541170e-01 0.000000000000000000e+00 0.000000000000000000e+00 0.000000000000000000e+00 1.000000000000000000e+00
9.999998871773566611e-01 4.039387519201317975e-04 -2.552923105650847790e-04 6.124863301718401487e-03 -4.037914776788730973e-04 9.999997379863780900e-01 5.789297077850013434e-04 -1.199179015336095111e-02 2.555307414870769400e-04 -5.788342059419963881e-04 9.999997631673674947e-01 9.203388513355363898e-01 0.000000000000000000e+00 0.000000000000000000e+00 0.000000000000000000e+00 1.000000000000000000e+00
9.999992812113945861e-01 1.238673974835157073e-03 4.894133066235886731e-05 6.976453108182172069e-03 -1.238628768296286264e-03 9.999987466140866088e-01 -9.355897981972293581e-04 -1.527389553637639730e-02 -5.011149748637699908e-05 9.355414357490390853e-04 9.999996244077735685e-01 9.346064183476165965e-01 0.000000000000000000e+00 0.000000000000000000e+00 0.000000000000000000e+00 1.000000000000000000e+00
9.999962168823418596e-01 2.720674036926538399e-03 1.609651966095436426e-04 2.545548760921140241e-03 -2.720316580616816311e-03 9.999939959034721548e-01 -2.181730207160585341e-03 -1.501870324706325310e-02 -1.668920864190161224e-04 2.181273437477301846e-03 9.999975399302031276e-01 9.533099422679036650e-01 0.000000000000000000e+00 0.000000000000000000e+00 0.000000000000000000e+00 1.000000000000000000e+00
9.999936773185718053e-01 3.564199670415641071e-03 -1.753634070381440702e-05 7.554792204548098355e-03 -3.564214446155505346e-03 9.999932222318284047e-01 -8.651694947733601371e-04 -1.279345926059521910e-02 1.444887954941617703e-05 8.652283316221073828e-04 9.999996292490787031e-01 9.718559839792959565e-01 0.000000000000000000e+00 0.000000000000000000e+00 0.000000000000000000e+00 1.000000000000000000e+00
9.999983952924696995e-01 1.774293580068122579e-03 9.525843573702022504e-05 2.974391437076596978e-03 -1.774309498975846274e-03 9.999983982995517273e-01 1.704420404648292198e-04 -1.307486205567424953e-02 -9.495107259922114240e-05 -1.706069618022977574e-04 1.000000004008218868e+00 9.762762012924284249e-01 0.000000000000000000e+00 0.000000000000000000e+00 0.000000000000000000e+00 1.000000000000000000e+00
9.999996652199347746e-01 8.619935362406077163e-04 -2.246479603534405622e-04 2.524855993730847070e-03 -8.619684810731872114e-04 9.999996031564958310e-01 1.143466389182667964e-04 -1.335378953316664064e-02 2.247399068599532923e-04 -1.141578983137360448e-04 9.999999387433164966e-01 9.830766848257788126e-01 0.000000000000000000e+00 0.000000000000000000e+00 0.000000000000000000e+00 1.000000000000000000e+00
9.999999374153364373e-01 3.117325426970154762e-05 -1.877410902594474351e-04 2.794748827828333337e-03 -3.119612731986210917e-05 1.000000065307231623e+00 -1.182353697726477859e-04 -1.392793630567668028e-02 1.877482656353277046e-04 1.182366136520916766e-04 9.999999724888406494e-01 9.879032657724700073e-01 0.000000000000000000e+00 0.000000000000000000e+00 0.000000000000000000e+00 1.000000000000000000e+00
9.999997111037319808e-01 7.611796177410250653e-04 -3.605772290000350266e-04 1.488964217927157829e-03 -7.607619389906926984e-04 9.999990129956959350e-01 1.155046710180832395e-03 -1.499651103663704466e-02 3.614484793815729569e-04 -1.154767369996216944e-03 9.999993415656113216e-01 1.001601422951839737e+00 0.000000000000000000e+00 0.000000000000000000e+00 0.000000000000000000e+00 1.000000000000000000e+00
9.999997111470319000e-01 6.574799632547317137e-04 -3.079551853196332845e-04 1.680612435116343728e-03 -6.568939916094629176e-04 9.999979966336266513e-01 1.902239489737129335e-03 -1.523121418042830411e-02 3.092105120961266551e-04 -1.902035595362318310e-03 9.999980789794054026e-01 1.007764611619379025e+00 0.000000000000000000e+00 0.000000000000000000e+00 0.000000000000000000e+00 1.000000000000000000e+00
9.999997001679608033e-01 6.312830120066422693e-04 -3.466124273327521321e-04 1.335522171477435127e-03 -6.308397560725653502e-04 9.999989298295776097e-01 1.273733917068120211e-03 -1.701856492545833488e-02 3.474107048685136367e-04 -1.273513758948668223e-03 9.999991324537371717e-01 1.014748732769657380e+00 0.000000000000000000e+00 0.000000000000000000e+00 0.000000000000000000e+00 1.000000000000000000e+00
1.000000019473783697e+00 -1.225006257666547984e-04 -4.411726024301440563e-05 2.723401999909350057e-03 1.224667407141725637e-04 9.999997406116144516e-01 -7.396704187838543804e-04 -1.843298973421658715e-02 4.420994713475595583e-05 7.396674226182731182e-04 9.999997997878077305e-01 1.021406369946536330e+00 0.000000000000000000e+00 0.000000000000000000e+00 0.000000000000000000e+00 1.000000000000000000e+00
9.999993476091814104e-01 1.096034026767589951e-03 -1.697718940733734805e-04 5.753847907931236572e-04 -1.096234146398574437e-03 9.999986717118020119e-01 -1.180091886220898181e-03 -1.631283217199935853e-02 1.684838783764588954e-04 1.180273401452816215e-03 9.999992885703974377e-01 1.028983565705765102e+00 0.000000000000000000e+00 0.000000000000000000e+00 0.000000000000000000e+00 1.000000000000000000e+00
9.999999483516879284e-01 -2.126000873674767149e-04 -3.424133365464432366e-04 1.061972859266360758e-03 2.128582785600893973e-04 9.999997897003752856e-01 7.531360127521063985e-04 -1.668642963440547522e-02 3.422424557440045811e-04 -7.532083321461560677e-04 9.999996450224245548e-01 1.036460832519320974e+00 0.000000000000000000e+00 0.000000000000000000e+00 0.000000000000000000e+00 1.000000000000000000e+00
9.999994353083662135e-01 -7.667185048649259073e-04 -7.040459334856190299e-04 2.386157860651133555e-03 7.686297556118073387e-04 9.999959873366007779e-01 2.717889980852884399e-03 -1.617848947606276289e-02 7.019687868590508695e-04 -2.718423823953590446e-03 9.999959959547011223e-01 1.047491512363194488e+00 0.000000000000000000e+00 0.000000000000000000e+00 0.000000000000000000e+00 1.000000000000000000e+00
9.999999723999943857e-01 1.607927047352148342e-04 -3.578832486020901149e-04 1.649809537574820073e-03 -1.595447021875482491e-04 9.999938865905200203e-01 3.481091190196080633e-03 -1.768837815311480322e-02 3.584414875582031534e-04 -3.481038442148536201e-03 9.999938837521997748e-01 1.055454649680399370e+00 0.000000000000000000e+00 0.000000000000000000e+00 0.000000000000000000e+00 1.000000000000000000e+00
9.999998021815577065e-01 1.184644798535599864e-04 -5.258810145703056438e-04 1.252000483912718565e-03 -1.171083711418067857e-04 9.999967138868043337e-01 2.582683037768254350e-03 -1.939615771691405310e-02 5.261813413961723140e-04 -2.582620682182318328e-03 9.999965328547215648e-01 1.063322763394182857e+00 0.000000000000000000e+00 0.000000000000000000e+00 0.000000000000000000e+00 1.000000000000000000e+00
9.999998782655312723e-01 -8.116665492092843103e-05 -5.357322517889062663e-04 -7.136745241361763803e-04 8.150118795185269443e-05 9.999997732649252846e-01 6.212982921697902602e-04 -2.222494705296729212e-02 5.356777956546793229e-04 -6.213413826050388777e-04 9.999997058061063093e-01 1.063120999432157987e+00 0.000000000000000000e+00 0.000000000000000000e+00 0.000000000000000000e+00 1.000000000000000000e+00
9.999998380327079772e-01 -5.386087742957907775e-04 -3.754974638431954337e-04 8.073973782214055595e-03 5.380169752100312118e-04 9.999986514829817263e-01 -1.575176491273599239e-03 -1.635744526121041265e-02 3.763484374909829844e-04 1.574973030294646477e-03 9.999987031898474044e-01 1.071855368669801578e+00 0.000000000000000000e+00 0.000000000000000000e+00 0.000000000000000000e+00 1.000000000000000000e+00
9.999999154255337919e-01 2.212309066998270840e-04 -3.435840471937914864e-04 1.486807250902788535e-02 -2.213427942429737130e-04 9.999998471919745446e-01 -3.246508271123674239e-04 -1.134098273204842133e-02 3.435090166750108531e-04 3.247280461057093504e-04 9.999998634806978037e-01 1.075484987148236371e+00 0.000000000000000000e+00 0.000000000000000000e+00 0.000000000000000000e+00 1.000000000000000000e+00
9.999997684622842220e-01 -2.390847396292248672e-04 -5.426691512282200147e-04 5.770562333148654410e-03 2.395561833948060501e-04 9.999996345516308782e-01 8.698144156056263065e-04 -1.883227348280458457e-02 5.424652617166646207e-04 -8.699443268326339726e-04 9.999994530211461230e-01 1.076937331464648651e+00 0.000000000000000000e+00 0.000000000000000000e+00 0.000000000000000000e+00 1.000000000000000000e+00
9.999997069152025686e-01 -9.130770180121312960e-05 -7.814671120159669138e-04 2.899589892573106731e-03 9.294441537130302333e-05 9.999978192129023169e-01 2.095401163885058510e-03 -2.270920404863119302e-02 7.812758048968727886e-04 -2.095473849779617374e-03 9.999975166205465893e-01 1.077864310457108843e+00 0.000000000000000000e+00 0.000000000000000000e+00 0.000000000000000000e+00 1.000000000000000000e+00
9.999998289602055612e-01 6.363511826386756740e-05 -5.863377827332073855e-04 9.736240032117704502e-04 -6.227294714479793768e-05 9.999973188005292224e-01 2.322828257616048591e-03 -2.449947986326761473e-02 5.864704297840576952e-04 -2.322790607962007051e-03 9.999970923744778695e-01 1.075904916995803262e+00 0.000000000000000000e+00 0.000000000000000000e+00 0.000000000000000000e+00 1.000000000000000000e+00
9.999987789588091758e-01 1.476855083264795457e-03 -4.694603127077916216e-04 -1.982454307778436231e-04 -1.476591780386557213e-03 9.999986938910400136e-01 5.688608081828683098e-04 -2.801745876590477913e-02 4.703088120621874701e-04 -5.681665923816870464e-04 9.999998020273411781e-01 1.074474907771296728e+00 0.000000000000000000e+00 0.000000000000000000e+00 0.000000000000000000e+00 1.000000000000000000e+00
9.999996245745179646e-01 8.394234689296393168e-04 -3.684474190895591084e-04 -4.718265278032374166e-03 -8.409084852524215982e-04 9.999913744269610660e-01 -4.063343789342923132e-03 -2.104228824865606029e-02 3.650285994265395351e-04 4.063651007826335655e-03 9.999915918179003160e-01 1.065466293955545041e+00 0.000000000000000000e+00 0.000000000000000000e+00 0.000000000000000000e+00 1.000000000000000000e+00
9.999987380014487837e-01 1.538022342951372596e-03 -5.234542794779403763e-05 -8.161332469606930040e-03 -1.538246568656780142e-03 9.999887066281809567e-01 -4.507423409970348453e-03 -1.304151962107702456e-02 4.542248796542483480e-05 4.507497719712850147e-03 9.999899085074778204e-01 1.062637811172244540e+00 0.000000000000000000e+00 0.000000000000000000e+00 0.000000000000000000e+00 1.000000000000000000e+00
9.999997667914752864e-01 7.848712709539705512e-04 -1.590906792431727446e-04 -5.612431381850024881e-03 -7.849552828352243661e-04 9.999994879837775796e-01 -5.482319196284616419e-04 -1.381466136040199189e-02 1.586624855480917029e-04 5.483563365125537770e-04 9.999998581190503444e-01 1.073289271800717870e+00 0.000000000000000000e+00 0.000000000000000000e+00 0.000000000000000000e+00 1.000000000000000000e+00
9.999999255188509739e-01 4.219828062803783453e-05 1.911168978759800186e-04 -2.657576203265121784e-03 -4.272674324175604723e-05 9.999961748391138494e-01 2.764992495354965350e-03 -1.289158975446080824e-02 -1.910103537014901098e-04 -2.765000060550117968e-03 9.999961340098008078e-01 1.079086960580170285e+00 0.000000000000000000e+00 0.000000000000000000e+00 0.000000000000000000e+00 1.000000000000000000e+00
9.999996645172437582e-01 8.691591708632598378e-04 1.707092961902717532e-04 -3.363244579662583167e-03 -8.695514925306616376e-04 9.999970274271160475e-01 2.291162034910103687e-03 -1.373925764239625202e-02 -1.687105446284802024e-04 -2.291309000678115604e-03 9.999973839461603342e-01 1.077085796767441650e+00 0.000000000000000000e+00 0.000000000000000000e+00 0.000000000000000000e+00 1.000000000000000000e+00
9.999975685943877091e-01 -2.173690629497007296e-03 5.721161515797462682e-05 1.545376367342365942e-03 2.173611639086462342e-03 9.999968359310645871e-01 1.301425041249660089e-03 -1.366947903844650813e-02 -6.005219355822988270e-05 -1.301297721138152536e-03 9.999990580839375198e-01 1.076484619313099245e+00 0.000000000000000000e+00 0.000000000000000000e+00 0.000000000000000000e+00 1.000000000000000000e+00
9.999995170974471659e-01 9.563083953856733183e-04 3.339388553012453964e-04 -2.085521801581280421e-03 -9.564102516059599024e-04 9.999994013783330971e-01 3.236988018450221057e-04 -1.644528025256475345e-02 -3.336251659574497597e-04 -3.240173853153211110e-04 9.999998989541373229e-01 1.079122021191480485e+00 0.000000000000000000e+00 0.000000000000000000e+00 0.000000000000000000e+00 1.000000000000000000e+00
9.999976423624037380e-01 -2.106029328616452340e-03 4.519962126351834142e-04 -8.913308807961817237e-05 2.107318049545949326e-03 9.999936558283544219e-01 -2.870481080236452279e-03 -1.348232751919220540e-02 -4.459452278636234779e-04 2.871426135156787511e-03 9.999958516970290923e-01 1.070787476262189841e+00 0.000000000000000000e+00 0.000000000000000000e+00 0.000000000000000000e+00 1.000000000000000000e+00
9.999993179816523137e-01 1.191553178839045279e-03 1.042457418305581252e-04 -4.737756542527060688e-03 -1.191296105889556346e-03 9.999961895409520407e-01 -2.505209646412424017e-03 -9.691450542773982768e-03 -1.072319901776579154e-04 2.505082995320106337e-03 9.999967876107139775e-01 1.073703257733299665e+00 0.000000000000000000e+00 0.000000000000000000e+00 0.000000000000000000e+00 1.000000000000000000e+00
9.999996071370080841e-01 -9.095926629940850622e-04 1.040966110984094251e-04 -3.132193763458523961e-03 9.098003882254254368e-04 9.999976410505950764e-01 -1.994962202511761998e-03 -1.259028089889235869e-02 -1.022802040627074360e-04 1.995058108765662350e-03 9.999979991014191771e-01 1.074472492622113862e+00 0.000000000000000000e+00 0.000000000000000000e+00 0.000000000000000000e+00 1.000000000000000000e+00
9.999991355956074912e-01 -1.313528999034237936e-03 5.264750061716519380e-05 -8.762798350788136847e-03 1.313687667645800855e-03 9.999945930376579195e-01 -3.002086064563159670e-03 -1.270640401813838416e-02 -4.869621204522597835e-05 3.002150582900502476e-03 9.999955443179489034e-01 1.066816008832681462e+00 0.000000000000000000e+00 0.000000000000000000e+00 0.000000000000000000e+00 1.000000000000000000e+00
9.999986833685816645e-01 -1.622630075623539888e-03 1.553293850969847401e-04 -3.773650925278648760e-03 1.623024563230443008e-03 9.999953599915694102e-01 -2.572846990658600452e-03 -1.417706208190072648e-02 -1.511661982095645340e-04 2.573097109711099464e-03 9.999967137357267388e-01 1.072103900298976953e+00 0.000000000000000000e+00 0.000000000000000000e+00 0.000000000000000000e+00 1.000000000000000000e+00
9.999988364583508593e-01 -1.463279662672541462e-03 1.473404311307102699e-04 -7.720606193146961616e-03 1.462974170037076999e-03 9.999968843689074349e-01 2.049715970470317519e-03 -1.145679472602850746e-02 -1.503277614336405443e-04 -2.049504852113963327e-03 9.999978708389148929e-01 1.071599273870262437e+00 0.000000000000000000e+00 0.000000000000000000e+00 0.000000000000000000e+00 1.000000000000000000e+00
9.999991345069556559e-01 -1.376359398293492114e-03 5.188396937326478220e-07 -3.100900788247318296e-03 1.376332154249159528e-03 9.999804871735152867e-01 6.083192873594448803e-03 -8.126272894655506285e-03 -8.898400000321299297e-06 -6.083180437289649467e-03 9.999814893058609488e-01 1.086854534229814817e+00 0.000000000000000000e+00 0.000000000000000000e+00 0.000000000000000000e+00 1.000000000000000000e+00
9.999991560733353380e-01 -1.260912820023584943e-03 2.570795186730735760e-04 -5.407844635716363424e-03 1.259325696077580282e-03 9.999807340664934596e-01 6.081172852064478142e-03 -8.479643714481510663e-03 -2.647425298756035661e-04 -6.080842943097098177e-03 9.999814518171186162e-01 1.085820393876176126e+00 0.000000000000000000e+00 0.000000000000000000e+00 0.000000000000000000e+00 1.000000000000000000e+00
9.999985457323019578e-01 -1.704778011168132717e-03 1.364155745133301123e-04 -1.616355590526558084e-03 1.704598169223525911e-03 9.999976630474664008e-01 1.316852256209789362e-03 -1.402818987398890549e-02 -1.386508071294055566e-04 -1.316616960819758661e-03 9.999991211192131857e-01 1.083164985046501272e+00 0.000000000000000000e+00 0.000000000000000000e+00 0.000000000000000000e+00 1.000000000000000000e+00
9.999951554037035395e-01 -3.085525909370038893e-03 2.377758489170329892e-04 2.381544523089390575e-03 3.086281412062981573e-03 9.999900357859162758e-01 -3.240888928702844590e-03 -1.066952594274872546e-02 -2.277789843404647019e-04 3.241607106634390636e-03 9.999947177565814416e-01 1.079242541176796522e+00 0.000000000000000000e+00 0.000000000000000000e+00 0.000000000000000000e+00 1.000000000000000000e+00
9.999984066353724277e-01 -1.799409811848172534e-03 3.548294338794749647e-05 3.674617204954044869e-03 1.799517656395697605e-03 9.999929000641931687e-01 -3.299407992071688115e-03 -9.263112110601934290e-03 -2.955246432847016824e-05 3.299464524466135668e-03 9.999945579309382770e-01 1.078016255484499197e+00 0.000000000000000000e+00 0.000000000000000000e+00 0.000000000000000000e+00 1.000000000000000000e+00
9.999978547434588139e-01 2.078651676192022017e-03 -5.138157545383700842e-05 -1.836797598023465206e-03 -2.078832279702987409e-03 9.999907017666160858e-01 -3.784020029861492537e-03 -1.140831822201104906e-02 4.351818148468078462e-05 3.784112996764999598e-03 9.999928606178755119e-01 1.079382611308446371e+00 0.000000000000000000e+00 0.000000000000000000e+00 0.000000000000000000e+00 1.000000000000000000e+00
9.999997812051124590e-01 -6.066477259985237572e-04 5.802561551422266706e-05 5.440421691813579486e-04 6.069130837783997395e-04 9.999888935731987560e-01 -4.681302853662363053e-03 -8.382108633499862904e-03 -5.518508743092981339e-05 4.681347069849852230e-03 9.999890118099608038e-01 1.081788468249612833e+00 0.000000000000000000e+00 0.000000000000000000e+00 0.000000000000000000e+00 1.000000000000000000e+00
9.999943224517583440e-01 3.319940515071043933e-03 5.466909938147343495e-04 -1.938574813160592880e-03 -3.319491896364072311e-03 9.999941558759006810e-01 -8.201450877460599725e-04 -4.891786805053366383e-03 -5.494100332688045540e-04 8.183213607400180445e-04 9.999994822551107054e-01 1.085064864127772921e+00 0.000000000000000000e+00 0.000000000000000000e+00 0.000000000000000000e+00 1.000000000000000000e+00
9.999881663339611482e-01 4.757149399538833021e-03 1.009553174031323913e-03 -6.194748505779890113e-03 -4.760892207417333384e-03 9.999816145984024018e-01 3.736840511196331746e-03 -7.270692996529770635e-03 -9.917481180386419903e-04 -3.741603147507327129e-03 9.999925871490386031e-01 1.092447315345069114e+00 0.000000000000000000e+00 0.000000000000000000e+00 0.000000000000000000e+00 1.000000000000000000e+00
9.999990059272341192e-01 1.403183734513382963e-03 1.240419977917781025e-04 -2.982862064872499053e-03 -1.403488883667590968e-03 9.999958823205602476e-01 2.495736141013539522e-03 -1.011372190569737040e-02 -1.205435478288906237e-04 -2.495906260851322306e-03 9.999968377866302882e-01 1.088912988369798995e+00 0.000000000000000000e+00 0.000000000000000000e+00 0.000000000000000000e+00 1.000000000000000000e+00
9.999997296953003767e-01 -7.442227955404722610e-04 -1.663003335022408824e-04 1.244763885034513851e-03 7.442681556443325698e-04 9.999996819386165470e-01 2.698771411231478540e-04 -7.893582621411820988e-03 1.660963171473961442e-04 -2.700001404228272867e-04 9.999999980563687441e-01 1.085667753034599059e+00 0.000000000000000000e+00 0.000000000000000000e+00 0.000000000000000000e+00 1.000000000000000000e+00
9.999989151371767582e-01 -1.502948686455914075e-03 1.589388118937579142e-04 3.303025525090291792e-03 1.502801188571488075e-03 9.999985191328633061e-01 9.191743411793781848e-04 -1.089937064334933758e-02 -1.603220642030014909e-04 -9.189356498995136097e-04 9.999995201679681145e-01 1.087814650311869968e+00 0.000000000000000000e+00 0.000000000000000000e+00 0.000000000000000000e+00 1.000000000000000000e+00
9.999992132407176104e-01 -1.160115302456584709e-03 -2.956516871193519413e-04 2.522784781053569181e-03 1.160521109595144453e-03 9.999983480917943313e-01 1.370104938081214731e-03 -1.045077055886622919e-02 2.940689266250004485e-04 -1.370446243153578859e-03 9.999990643612858277e-01 1.084035776466578227e+00 0.000000000000000000e+00 0.000000000000000000e+00 0.000000000000000000e+00 1.000000000000000000e+00
9.999986633064459340e-01 -1.622003021123509525e-03 -3.072547688574255031e-04 7.908180220224103607e-04 1.622563590017126779e-03 9.999970004459650674e-01 1.832798864485509285e-03 -1.665651447167548760e-02 3.042707502673228093e-04 -1.833294095144081051e-03 9.999982082624547797e-01 1.084083814899756248e+00 0.000000000000000000e+00 0.000000000000000000e+00 0.000000000000000000e+00 1.000000000000000000e+00
9.999989775959293725e-01 -1.224359334941263694e-03 -7.134781679544628663e-04 -3.093844872104706267e-03 1.225757751960615798e-03 9.999973364408775156e-01 1.961989105330934433e-03 -2.156619345314325642e-02 7.110738349044611051e-04 -1.962860453448650021e-03 9.999978705673072676e-01 1.079871061616856309e+00 0.000000000000000000e+00 0.000000000000000000e+00 0.000000000000000000e+00 1.000000000000000000e+00
9.999995893247167755e-01 -7.141552720306667190e-04 -5.888472251287350800e-04 -1.758351172329614132e-03 7.135324179589225832e-04 9.999992295625995675e-01 -1.055161803791733032e-03 -2.216412482403984363e-02 5.895972354942428939e-04 1.054739832074283023e-03 9.999992871937666283e-01 1.074506427596148228e+00 0.000000000000000000e+00 0.000000000000000000e+00 0.000000000000000000e+00 1.000000000000000000e+00
9.999998499148495812e-01 2.316566174184012691e-04 -5.148121121062269878e-04 -5.043054012590725277e-03 -2.336508536349999948e-04 9.999923938749699648e-01 -3.878409225223331501e-03 -2.068201176481943016e-02 5.139221690572542967e-04 3.878528573480755949e-03 9.999923057285561301e-01 1.069410760948940720e+00 0.000000000000000000e+00 0.000000000000000000e+00 0.000000000000000000e+00 1.000000000000000000e+00
9.999995641041019567e-01 5.915771345599548986e-04 -6.492032606552379514e-04 -5.164143818891520077e-03 -5.931229069860746413e-04 9.999970386635876896e-01 -2.383941584371348718e-03 -1.804502121660389591e-02 6.477857026465985713e-04 2.384316524618592531e-03 9.999969058601769767e-01 1.069055813170493252e+00 0.000000000000000000e+00 0.000000000000000000e+00 0.000000000000000000e+00 1.000000000000000000e+00
9.999977764435313832e-01 2.054732718470888338e-03 -5.137184685957037200e-04 -1.077977486565684373e-02 -2.053894166436712621e-03 9.999965067299313448e-01 1.630498080930190691e-03 -2.032557398223056033e-02 5.170676782068513166e-04 -1.629430397415004839e-03 9.999985989785330487e-01 1.065553747673106955e+00 0.000000000000000000e+00 0.000000000000000000e+00 0.000000000000000000e+00 1.000000000000000000e+00
9.999994600628163699e-01 9.293258969674590177e-04 -5.900853796684708830e-04 -8.489861363233985880e-03 -9.268894296780163340e-04 9.999911199077438084e-01 4.114598482573547655e-03 -2.018514822803374464e-02 5.939051485564471322e-04 -4.114047828364618235e-03 9.999913422413350128e-01 1.071222068119155324e+00 0.000000000000000000e+00 0.000000000000000000e+00 0.000000000000000000e+00 1.000000000000000000e+00
9.999987158515349916e-01 1.452897831397355344e-03 -6.079624739162986513e-04 -8.954055514022785101e-03 -1.450312810538060106e-03 9.999900082089018261e-01 4.233094776373690776e-03 -2.276885080766333225e-02 6.141064549487033897e-04 -4.232207357130668771e-03 9.999908448062517774e-01 1.066226188307339839e+00 0.000000000000000000e+00 0.000000000000000000e+00 0.000000000000000000e+00 1.000000000000000000e+00
9.999993298675232678e-01 1.109263965280542002e-03 -4.031212615647206121e-04 -6.194218864989831097e-03 -1.108813918141555999e-03 9.999987376416359375e-01 1.114096652845634507e-03 -2.026381635497420675e-02 4.043601601216618990e-04 -1.113648585221890764e-03 9.999992852123774645e-01 1.061287808146772704e+00 0.000000000000000000e+00 0.000000000000000000e+00 0.000000000000000000e+00 1.000000000000000000e+00
9.999998761747923570e-01 -1.299058568695115267e-04 -5.282766294604952784e-04 -5.140780340903927659e-03 1.286835253280701487e-04 9.999973803708173126e-01 -2.314136317035745804e-03 -1.918056546089874637e-02 5.285674822932996675e-04 2.314067534029263466e-03 9.999971670630269927e-01 1.055237313821209000e+00 0.000000000000000000e+00 0.000000000000000000e+00 0.000000000000000000e+00 1.000000000000000000e+00
9.999997098620067026e-01 -2.085920157655173481e-04 -6.280918061460291635e-04 -4.060408995425035528e-03 2.079248481746863116e-04 9.999993871392114375e-01 -1.060830045701198921e-03 -1.903335174634923632e-02 6.283134479349930523e-04 1.060698748408335848e-03 9.999992925586380643e-01 1.047626198435040124e+00 0.000000000000000000e+00 0.000000000000000000e+00 0.000000000000000000e+00 1.000000000000000000e+00
9.999998039332010924e-01 -3.367642100041210568e-04 -4.938631540081089843e-04 -3.529247351933939569e-03 3.368766921914157896e-04 9.999999132000060298e-01 2.285210444324193083e-04 -1.443590645343029166e-02 4.937935501550666517e-04 -2.286862184181404252e-04 9.999998739655606705e-01 1.039517785940134331e+00 0.000000000000000000e+00 0.000000000000000000e+00 0.000000000000000000e+00 1.000000000000000000e+00
9.999989276778611380e-01 -1.276471581896635853e-03 -7.176524185768806685e-04 -1.616627755485988693e-03 1.276613179323820993e-03 9.999991875350875414e-01 1.974796623480791317e-04 -1.588552751095306803e-02 7.173940143975973682e-04 -1.983962532023856966e-04 9.999997180917404860e-01 1.025507963956940216e+00 0.000000000000000000e+00 0.000000000000000000e+00 0.000000000000000000e+00 1.000000000000000000e+00
9.999987826037506355e-01 -1.459681528400961440e-03 -6.520505186525665797e-04 -2.211219853954227155e-03 1.460689699296401642e-03 9.999977185289979920e-01 1.546806467441429059e-03 -1.424437820818535982e-02 6.497955237230942926e-04 -1.547756663578963437e-03 9.999985716016451809e-01 1.011436123868122650e+00 0.000000000000000000e+00 0.000000000000000000e+00 0.000000000000000000e+00 1.000000000000000000e+00
9.999999054742839677e-01 1.240255209580479602e-04 -4.595999342752316030e-04 -4.887318194901402180e-03 -1.228277128401791048e-04 9.999965564641107862e-01 2.602048332555473211e-03 -1.722167747002578686e-02 4.599166288667619340e-04 -2.601990942960178028e-03 9.999965316149277417e-01 9.942550959213463102e-01 0.000000000000000000e+00 0.000000000000000000e+00 0.000000000000000000e+00 1.000000000000000000e+00
9.999991371978955712e-01 -7.895930819786951002e-04 -9.716498259959849282e-04 -4.941748695168279859e-03 7.909080084778998031e-04 9.999987778446013387e-01 1.354105643179969983e-03 -2.052048003789996855e-02 9.705859008385039899e-04 -1.354872875161213484e-03 9.999986132136642336e-01 9.726128746088136268e-01 0.000000000000000000e+00 0.000000000000000000e+00 0.000000000000000000e+00 1.000000000000000000e+00
9.999974816952809098e-01 -1.015429824191994585e-03 -2.028163038372859939e-03 -8.425821746555706149e-03 1.015501687008410914e-03 9.999995556688153764e-01 3.428574170719631345e-05 -2.486405120598833562e-02 2.028113314698237746e-03 -3.634391398427876466e-05 9.999978916634620907e-01 9.534492435015522460e-01 0.000000000000000000e+00 0.000000000000000000e+00 0.000000000000000000e+00 1.000000000000000000e+00
9.999942423047175621e-01 -8.406651647567160712e-04 -3.278364809516043366e-03 -7.144836528762410488e-03 8.387873643237965179e-04 9.999993877682461507e-01 -5.740581222194421525e-04 -2.458177778391323898e-02 3.278853035174798813e-03 5.713037978727765302e-04 9.999944335139723250e-01 9.310524319131161519e-01 0.000000000000000000e+00 0.000000000000000000e+00 0.000000000000000000e+00 1.000000000000000000e+00
9.999940609343490605e-01 8.321480722573527727e-05 -3.449728614613185862e-03 -9.387647880802374445e-03 -8.623809966474578611e-05 9.999996638435358909e-01 -8.760714208074110200e-04 -2.427622054886535707e-02 3.449651889082597234e-03 8.763636105626655421e-04 9.999936667925688472e-01 9.061837282430360574e-01 0.000000000000000000e+00 0.000000000000000000e+00 0.000000000000000000e+00 1.000000000000000000e+00
9.999951469040258001e-01 -3.473535964933978132e-04 -3.099982961528816028e-03 -6.401249029920785816e-03 3.468583018771658074e-04 9.999999691641719979e-01 -1.603339187674470215e-04 -2.257529713121364523e-02 3.100043709974333039e-03 1.592582973023481171e-04 9.999952291769134138e-01 8.855200864702794661e-01 0.000000000000000000e+00 0.000000000000000000e+00 0.000000000000000000e+00 1.000000000000000000e+00
