9.999994999998915723e-01 7.196823880015833621e-04 -6.870877704622141728e-04 -1.401751020404798723e-02 -7.197717122209860898e-04 9.999996999999450908e-01 -1.295636562419999970e-04 -2.820321042697540928e-02 6.869944297927041551e-04 1.300581436271270718e-04 9.999998000001633081e-01 1.198998000012436727e+00 0.000000000000000000e+00 0.000000000000000000e+00 0.000000000000000000e+00 1.000000000000000000e+00
9.999995784909327945e-01 7.112868039034227728e-04 -6.790854461343746222e-04 -1.302185364279737599e-02 -7.113738441839185774e-04 9.999997286812217778e-01 -1.285442660889509164e-04 -2.773381320417902390e-02 6.789933455882360023e-04 1.290272108994226102e-04 9.999996832462455520e-01 1.185195790000437288e+00 0.000000000000000000e+00 0.000000000000000000e+00 0.000000000000000000e+00 1.000000000000000000e+00
9.999994555869320401e-01 7.149385847576356827e-04 -6.825870239679553489e-04 -1.226202012112640946e-02 -7.150277422303550007e-04 9.999997567836211854e-01 -1.297052440300126472e-04 -2.773572481345509821e-02 6.824950289317866306e-04 1.301931622876560429e-04 9.999997660101169750e-01 1.191472139585466383e+00 0.000000000000000000e+00 0.000000000000000000e+00 0.000000000000000000e+00 1.000000000000000000e+00
9.999995327675670342e-01 7.149616253979611345e-04 -6.826231353905809485e-04 -1.143123748623210006e-02 -7.150510257790750231e-04 9.999996851124710595e-01 -1.302094156541593658e-04 -2.759410322304553520e-02 6.825298603075707037e-04 1.306975240288776765e-04 9.999997490287234614e-01 1.191699817459262345e+00 0.000000000000000000e+00 0.000000000000000000e+00 0.000000000000000000e+00 1.000000000000000000e+00
9.999995202828864116e-01 7.168524869098268299e-04 -6.844419181143731983e-04 -1.062789632540456913e-02 -7.169429545276813235e-04 9.999998192083907611e-01 -1.310565469209306905e-04 -2.752297879177216522e-02 6.843478720714940913e-04 1.315471769811455381e-04 9.999998373646483696e-01 1.195040071517910363e+00 0.000000000000000000e+00 0.000000000000000000e+00 0.000000000000000000e+00 1.000000000000000000e+00
9.999994834401126909e-01 7.140430397058946397e-04 -6.817735826884848034e-04 -9.753592467422425583e-03 -7.141324323687854407e-04 9.999997403145245434e-01 -1.310418427531328308e-04 -2.726975431524597537e-02 6.816796169287374016e-04 1.315285167954032431e-04 9.999997138767104943e-01 1.190544346244884366e+00 0.000000000000000000e+00 0.000000000000000000e+00 0.000000000000000000e+00 1.000000000000000000e+00
9.999994678341990184e-01 7.152240711657934001e-04 -6.829125350810427708e-04 -8.938782120720842328e-03 -7.153144061215423091e-04 9.999996730846285597e-01 -1.317591607359445841e-04 -2.716883325904337343e-02 6.828184865530669001e-04 1.322477193543612848e-04 9.999998010910410295e-01 1.192699459945976592e+00 0.000000000000000000e+00 0.000000000000000000e+00 0.000000000000000000e+00 1.000000000000000000e+00
9.999995374770451750e-01 7.143552416093363385e-04 -6.820967312219459316e-04 -8.096442336237283377e-03 -7.144457016912985660e-04 9.999997980558759103e-01 -1.320988246132311951e-04 -2.698829060504928656e-02 6.820025130091821389e-04 1.325862549490454574e-04 9.999996812298678206e-01 1.191439721760826131e+00 0.000000000000000000e+00 0.000000000000000000e+00 0.000000000000000000e+00 1.000000000000000000e+00
9.999995131753508515e-01 7.143642768952844719e-04 -6.821183206792025971e-04 -7.265977288449174121e-03 -7.144561772768294244e-04 9.999997264832432009e-01 -1.326012596080839313e-04 -2.684020326595337735e-02 6.820226585508935152e-04 1.330884950480483008e-04 9.999997645799710844e-01 1.191644629086326290e+00 0.000000000000000000e+00 0.000000000000000000e+00 0.000000000000000000e+00 1.000000000000000000e+00
9.999994871879959168e-01 7.142340163638687079e-04 -6.820035650694214122e-04 -6.433971861745560461e-03 -7.143242649086595838e-04 9.999997541949618984e-01 -1.330759906366832217e-04 -2.668544774268682973e-02 6.819086562256755288e-04 1.335631927500235787e-04 9.999997473013015892e-01 1.191604846366800530e+00 0.000000000000000000e+00 0.000000000000000000e+00 0.000000000000000000e+00 1.000000000000000000e+00
9.999995656806431876e-01 7.144672657245751445e-04 -6.822386887225737051e-04 -5.605259184266561667e-03 -7.145585967905624010e-04 9.999996844951118957e-01 -1.336199735063135080e-04 -2.654326830342157439e-02 6.821434638495452174e-04 1.341079371985202419e-04 9.999998324593960541e-01 1.192182561573474686e+00 0.000000000000000000e+00 0.000000000000000000e+00 0.000000000000000000e+00 1.000000000000000000e+00
9.999996105815210923e-01 5.774868590729717154e-04 -6.483732916560272855e-04 -4.680163944794125952e-03 -5.775572777140047060e-04 9.999998002512102691e-01 -1.093086748405775344e-04 -2.623727477038623190e-02 6.483100138315435815e-04 1.096828116334178614e-04 9.999997257947671470e-01 1.191678622677519783e+00 0.000000000000000000e+00 0.000000000000000000e+00 0.000000000000000000e+00 1.000000000000000000e+00
9.999979374316565472e-01 1.781755692380264334e-03 -9.443503980225871619e-04 -4.702134795761835073e-03 -1.782074089731457535e-03 9.999983537992183091e-01 -3.274822515781977608e-04 -2.735519862161794880e-02 9.437649233170787577e-04 3.291644981657647785e-04 9.999995170501210229e-01 1.193232969640886765e+00 0.000000000000000000e+00 0.000000000000000000e+00 0.000000000000000000e+00 1.000000000000000000e+00
9.999999087398965258e-01 -2.726783700612784894e-04 -4.494462535816392407e-04 -2.153920079192378489e-03 2.727098165678933203e-04 1.000000012253111858e+00 5.296990824832392177e-05 -2.485242722408992355e-02 4.494310582649069241e-04 -5.309340480414695071e-05 9.999998835017176457e-01 1.191109080418886634e+00 0.000000000000000000e+00 0.000000000000000000e+00 0.000000000000000000e+00 1.000000000000000000e+00
9.999996021500621168e-01 -5.719272700882718037e-04 -5.954850412353881323e-04 -1.449249968031918190e-03 5.721194772752028141e-04 9.999997270013046835e-01 3.230780193442528425e-04 -2.459500696807559450e-02 5.953037582086193047e-04 -3.234180762021312064e-04 9.999997748586748614e-01 1.193576462232400104e+00 0.000000000000000000e+00 0.000000000000000000e+00 0.000000000000000000e+00 1.000000000000000000e+00
9.999998807289618430e-01 -3.409184216920496647e-04 -4.905532611308976304e-04 -1.527811295562109956e-03 3.411141262144024825e-04 9.999999212281150962e-01 3.973768917594074860e-04 -2.420743505439720833e-02 4.904087170394012818e-04 -3.975438101299678690e-04 9.999998574360923209e-01 1.195705872294382743e+00 0.000000000000000000e+00 0.000000000000000000e+00 0.000000000000000000e+00 1.000000000000000000e+00
9.999997042197080743e-01 2.429817209916127906e-04 -6.866816643253254027e-04 -2.300367744778783127e-03 -2.436179217290474256e-04 9.999994731418794247e-01 -9.265288251592051008e-04 -2.519951792112551381e-02 6.864619489086697113e-04 9.266950679432395255e-04 9.999992615350062897e-01 1.193681530233135391e+00 0.000000000000000000e+00 0.000000000000000000e+00 0.000000000000000000e+00 1.000000000000000000e+00
9.999998742149879272e-01 -2.512102379935545263e-04 -4.848855490230622595e-04 -2.100165648473169451e-03 2.507038110257754160e-04 9.999994250483525970e-01 -1.044616556608976739e-03 -2.393234397823496007e-02 4.851528392533430156e-04 1.044494610200876351e-03 9.999993557264347244e-01 1.194642553711609878e+00 0.000000000000000000e+00 0.000000000000000000e+00 0.000000000000000000e+00 1.000000000000000000e+00
9.999994606157804888e-01 5.992163792077933844e-04 -8.170468926511232494e-04 -3.271120936750992504e-03 -5.987332008998946494e-04 9.999997311797700350e-01 5.940376709339867042e-04 -2.339576877848470460e-02 8.173944334297130604e-04 -5.935481043212341087e-04 9.999994885447333060e-01 1.194350538796005168e+00 0.000000000000000000e+00 0.000000000000000000e+00 0.000000000000000000e+00 1.000000000000000000e+00
9.999996969709379346e-01 2.347264330378726928e-04 -7.232188814873755783e-04 -2.690473707463187508e-03 -2.346340932591997369e-04 9.999999595141124686e-01 1.264086982498370190e-04 -2.513425395337059998e-02 7.232578267446256037e-04 -1.262385202255664890e-04 9.999998036063514339e-01 1.194326474231086621e+00 0.000000000000000000e+00 0.000000000000000000e+00 0.000000000000000000e+00 1.000000000000000000e+00
9.999996487338880247e-01 1.311729261342734078e-05 -9.065699741146356072e-04 -2.115770936718837369e-03 -1.381882158747374235e-05 9.999996924264371589e-01 -7.741341626731103320e-04 -2.580565424471914504e-02 9.065611948111500229e-04 7.741458489037640785e-04 9.999992565349182794e-01 1.194079998358319017e+00 0.000000000000000000e+00 0.000000000000000000e+00 0.000000000000000000e+00 1.000000000000000000e+00
9.999996399420886251e-01 2.578763963979750816e-04 -8.336704441356847239e-04 -2.938547039203230626e-03 -2.576048690323038369e-04 9.999998462376674668e-01 3.308519757475583342e-04 -2.214149703305368089e-02 8.337539023272680372e-04 -3.306370308395734613e-04 9.999996220060788366e-01 1.196499763522549387e+00 0.000000000000000000e+00 0.000000000000000000e+00 0.000000000000000000e+00 1.000000000000000000e+00
9.999992744627357322e-01 -8.926895053752553202e-04 -7.248525313542399096e-04 -1.559317862363976404e-03 8.942592450222297236e-04 9.999972883987496841e-01 2.161450360011552344e-03 -2.273579585654095236e-02 7.229118801672911737e-04 -2.162096395431638892e-03 9.999973550567752278e-01 1.198809547196539427e+00 0.000000000000000000e+00 0.000000000000000000e+00 0.000000000000000000e+00 1.000000000000000000e+00
9.999994210488829527e-01 -6.469775096706839894e-04 -8.990545381723745455e-04 -1.436278101450402800e-03 6.471559900347101987e-04 9.999997996180830517e-01 1.984785568234130951e-04 -2.299625749117439888e-02 8.989309897258143667e-04 -1.990602003882682432e-04 9.999995722657517572e-01 1.195627927047091532e+00 0.000000000000000000e+00 0.000000000000000000e+00 0.000000000000000000e+00 1.000000000000000000e+00
9.999994332202427616e-01 -6.033120701480823838e-04 -8.024394469241906414e-04 -1.293463760433793963e-03 6.022017364058169847e-04 9.999988538193168575e-01 -1.383430041914208378e-03 -2.548360216765954700e-02 8.032776117831083584e-04 1.382946463750756461e-03 9.999987545087725138e-01 1.191379937756376961e+00 0.000000000000000000e+00 0.000000000000000000e+00 0.000000000000000000e+00 1.000000000000000000e+00
9.999993948672539767e-01 -5.095941807226978069e-04 -9.846504932941729793e-04 -8.476261515588667805e-04 5.087989201486770637e-04 9.999994902122069096e-01 -8.074425912355618230e-04 -2.425693204789924895e-02 9.850548175024745334e-04 8.069405597685166097e-04 9.999991256549948249e-01 1.199885436481608281e+00 0.000000000000000000e+00 0.000000000000000000e+00 0.000000000000000000e+00 1.000000000000000000e+00
9.999996368167252125e-01 4.114612328878013386e-04 -7.491359380115310274e-04 -1.969642548788480552e-03 -4.114670650924979025e-04 1.000000009687907143e+00 -7.706001571253662946e-06 -2.392757794644850833e-02 7.491346014959765487e-04 8.013969120260026890e-06 9.999997727283043147e-01 1.204299791817920351e+00 0.000000000000000000e+00 0.000000000000000000e+00 0.000000000000000000e+00 1.000000000000000000e+00
9.999996635139495327e-01 -4.792430184457166530e-04 -6.617217030360916796e-04 -8.513170077287801618e-04 4.796073221327356380e-04 9.999997242821981880e-01 5.500315832090603430e-04 -2.463512557781244450e-02 6.614565331593373620e-04 -5.503488634343608847e-04 9.999995689786177477e-01 1.188616026315784779e+00 0.000000000000000000e+00 0.000000000000000000e+00 0.000000000000000000e+00 1.000000000000000000e+00
9.999998432579747520e-01 -2.496673288223042039e-04 -6.474085684299579757e-04 -1.054402971519069476e-03 2.498338744807972146e-04 9.999999407326749523e-01 2.565267922301597055e-04 -2.601922908011999880e-02 6.473485531800701742e-04 -2.566884885613920052e-04 9.999998462198139704e-01 1.194874914385103182e+00 0.000000000000000000e+00 0.000000000000000000e+00 0.000000000000000000e+00 1.000000000000000000e+00
9.999995077864118898e-01 -7.584360129458936253e-04 -4.931084920885599188e-04 -3.097014535393405321e-04 7.584720031399947186e-04 9.999996197589514635e-01 7.228435996102251099e-05 -2.465688746350125360e-02 4.930519438079011829e-04 -7.265733533129144044e-05 9.999998002906079764e-01 1.198066600287994277e+00 0.000000000000000000e+00 0.000000000000000000e+00 0.000000000000000000e+00 1.000000000000000000e+00
9.999998465311212836e-01 6.676138143908759773e-05 -5.946056528762788673e-04 -1.519588119992448805e-03 -6.676517994656921691e-05 1.000000037975073974e+00 -5.016534896241930941e-06 -2.558960324764780747e-02 5.946025635825205602e-04 5.056150634623942514e-06 9.999998214701575350e-01 1.197063665980287794e+00 0.000000000000000000e+00 0.000000000000000000e+00 0.000000000000000000e+00 1.000000000000000000e+00
9.999995850858989233e-01 -8.846421612603765170e-04 -2.040982825049150740e-04 6.549202201416859381e-05 8.847440086813719443e-04 9.999995425681204031e-01 4.966200943270270094e-04 -2.575086090180156440e-02 2.036543057414852420e-04 -4.968013089065594599e-04 9.999998447255242784e-01 1.197946130020852706e+00 0.000000000000000000e+00 0.000000000000000000e+00 0.000000000000000000e+00 1.000000000000000000e+00
1.000000039242682881e+00 1.080815983570452649e-04 8.554120776767606960e-05 -1.382753257014535109e-03 -1.081849168059200470e-04 9.999992614333932384e-01 1.205583165990627148e-03 -2.531338932633531158e-02 -8.540725023882533851e-05 -1.205592088031781205e-03 9.999993374875735253e-01 1.198938595913880079e+00 0.000000000000000000e+00 0.000000000000000000e+00 0.000000000000000000e+00 1.000000000000000000e+00
9.999998192867536329e-01 4.502951222524737398e-04 1.457377664289653818e-04 -1.505213239302860551e-03 -4.504325602618240894e-04 9.999993635105839385e-01 9.438122608296483891e-04 -2.686183871241043519e-02 -1.453141715951795920e-04 -9.438772669201960994e-04 9.999994948178602128e-01 1.197267114769701379e+00 0.000000000000000000e+00 0.000000000000000000e+00 0.000000000000000000e+00 1.000000000000000000e+00
9.999996836108703269e-01 8.025461742336040087e-04 5.486890153574841555e-05 -2.437741532582970994e-03 -8.025238311889609484e-04 9.999996311835677165e-01 -4.154796367551569138e-04 -2.752034756321819486e-02 -5.519649244607738314e-05 4.154349996707218601e-04 9.999999411651370185e-01 1.196577980159247545e+00 0.000000000000000000e+00 0.000000000000000000e+00 0.000000000000000000e+00 1.000000000000000000e+00
9.999996378713780221e-01 8.304630400377026800e-04 1.052468172936388280e-04 -3.048141978696239374e-03 -8.304531080335897635e-04 9.999996406680852212e-01 -9.437372560443507002e-05 -2.526168937216666244e-02 -1.053328462323303849e-04 9.428625716116585459e-05 9.999999872052391936e-01 1.197542393601025879e+00 0.000000000000000000e+00 0.000000000000000000e+00 0.000000000000000000e+00 1.000000000000000000e+00
9.999956395500179118e-01 2.944255106659920702e-03 4.611391238854289920e-04 -6.424149464513639884e-03 -2.944950744226973883e-03 9.999945882446225065e-01 1.506450692124193351e-03 -2.345644210008324126e-02 -4.566906678631840744e-04 -1.507801928035545349e-03 9.999987384024917603e-01 1.200115807933627821e+00 0.000000000000000000e+00 0.000000000000000000e+00 0.000000000000000000e+00 1.000000000000000000e+00
9.999986676280340214e-01 2.097987160508027710e-04 1.576244840249665935e-03 -2.426022793693666246e-03 -2.147392167362396648e-04 9.999950010603053663e-01 3.135209639232041344e-03 -2.240903342450706326e-02 -1.575587874934780697e-03 -3.135542615294760298e-03 9.999938359511790775e-01 1.200277249914016409e+00 0.000000000000000000e+00 0.000000000000000000e+00 0.000000000000000000e+00 1.000000000000000000e+00
9.999984074642165321e-01 5.104340296100921956e-04 1.731002372010813362e-03 -2.355760355939900963e-03 -5.151827870014812245e-04 9.999961428235070171e-01 2.749445644576838620e-03 -2.327966534666003895e-02 -1.729594964159066051e-03 -2.750333188510064100e-03 9.999947265630353410e-01 1.200662135881579218e+00 0.000000000000000000e+00 0.000000000000000000e+00 0.000000000000000000e+00 1.000000000000000000e+00
9.999984451906509531e-01 2.243412972952171433e-04 1.746346078797863383e-03 -1.226198188523319743e-03 -2.301296564110284835e-04 9.999944513476334285e-01 3.311751744638742091e-03 -2.326811622071756069e-02 -1.745581661903146398e-03 -3.312143496697135710e-03 9.999929882816919191e-01 1.205437503838446389e+00 0.000000000000000000e+00 0.000000000000000000e+00 0.000000000000000000e+00 1.000000000000000000e+00
9.999990950855435212e-01 -3.462052121216260738e-04 1.283014026154069218e-03 -1.226687059733798379e-03 3.434848324180271063e-04 9.999976948470554738e-01 2.120039351591801458e-03 -2.633192470101808347e-02 -1.283746548490149672e-03 -2.119599968306091348e-03 9.999969997264004373e-01 1.203006141315363209e+00 0.000000000000000000e+00 0.000000000000000000e+00 0.000000000000000000e+00 1.000000000000000000e+00
9.999975112313684855e-01 -1.659297610055829320e-03 1.477323144298048341e-03 7.151292431774730618e-04 1.661826954293841360e-03 9.999971958700940577e-01 -1.713254648338597211e-03 -2.565927617759888868e-02 -1.474479217508418288e-03 1.715708463082256385e-03 9.999973916113504835e-01 1.198825118779161869e+00 0.000000000000000000e+00 0.000000000000000000e+00 0.000000000000000000e+00 1.000000000000000000e+00
9.999993644098177370e-01 5.055143377065923847e-04 1.080876536841003654e-03 -2.356582069863083495e-03 -5.030175267833372462e-04 9.999971630380062315e-01 -2.304032145771647486e-03 -2.534785649276471986e-02 -1.082034578355959425e-03 2.303482199855726512e-03 9.999967798375956063e-01 1.201014165674216372e+00 0.000000000000000000e+00 0.000000000000000000e+00 0.000000000000000000e+00 1.000000000000000000e+00
9.999989714894614856e-01 1.151176020460332496e-03 8.163745723556090073e-04 -4.510311583344639441e-03 -1.151038888923414973e-03 9.999993412263850079e-01 -1.746453942067568293e-04 -2.409905987230853697e-02 -8.165840395267815605e-04 1.737049193024087224e-04 9.999996386305115559e-01 1.201232813038480174e+00 0.000000000000000000e+00 0.000000000000000000e+00 0.000000000000000000e+00 1.000000000000000000e+00
9.999995065922128168e-01 -9.688647141849709814e-04 4.562756276797405586e-05 -2.143659736503544799e-03 9.688858390619856402e-04 9.999994034464716464e-01 -4.652426733348594828e-04 -2.527288242315450795e-02 -4.517525771285425817e-05 4.652861768950286581e-04 9.999999391777577573e-01 1.205343618254637761e+00 0.000000000000000000e+00 0.000000000000000000e+00 0.000000000000000000e+00 1.000000000000000000e+00
9.999994960297466928e-01 -6.606099196544725199e-04 -7.331804331931947999e-04 -3.808905124573769285e-03 6.600814240537068332e-04 9.999995007764767019e-01 -7.208926947266476246e-04 -2.561314695681127240e-02 7.336603219994051323e-04 7.204075790576969229e-04 9.999994393091790057e-01 1.203895125021574586e+00 0.000000000000000000e+00 0.000000000000000000e+00 0.000000000000000000e+00 1.000000000000000000e+00
9.999988056365310962e-01 1.678280160698728831e-04 -1.535059383602929012e-03 -4.421283860120889253e-03 -1.679246012770086653e-04 1.000000061469001000e+00 -6.146510049126995001e-05 -2.478777743015569968e-02 1.535039704674046740e-03 6.172435180821882195e-05 9.999987847283469122e-01 1.205053242311819872e+00 0.000000000000000000e+00 0.000000000000000000e+00 0.000000000000000000e+00 1.000000000000000000e+00
9.999987996702746074e-01 4.865204068642086082e-06 -1.540601897351872446e-03 -4.895079897952542280e-03 -2.536080959624980951e-06 9.999988453625453522e-01 1.509529891447437475e-03 -2.702262539078925663e-02 1.540612521422650080e-03 -1.509524582894754101e-03 9.999976868918685202e-01 1.207504156780444760e+00 0.000000000000000000e+00 0.000000000000000000e+00 0.000000000000000000e+00 1.000000000000000000e+00
9.999995811361181985e-01 -8.647312938409750828e-06 -9.683828779865604613e-04 -4.713265476112858676e-03 9.004232718309070896e-06 9.999999178425997837e-01 3.751572153365516360e-04 -2.627055347263640428e-02 9.683794317142946362e-04 -3.751659835096090440e-04 9.999995095461075012e-01 1.204866580758022110e+00 0.000000000000000000e+00 0.000000000000000000e+00 0.000000000000000000e+00 1.000000000000000000e+00
9.999991816379097953e-01 9.629913190531838932e-04 -8.336816607897173936e-04 -5.769057624098165686e-03 -9.631990381877809319e-04 9.999995077369451257e-01 -2.629087443133167751e-04 -2.641066972772376786e-02 8.334352801481481610e-04 2.637117457285342859e-04 9.999995289694787459e-01 1.205999331639020511e+00 0.000000000000000000e+00 0.000000000000000000e+00 0.000000000000000000e+00 1.000000000000000000e+00
9.999996750303918880e-01 3.948889142200028468e-04 -7.112541538210476189e-04 -4.829813946705126260e-03 -3.949897976092365745e-04 9.999999155991285971e-01 -1.250375453512187623e-04 -2.677518019906122149e-02 7.112094130268531433e-04 1.253182373928650450e-04 9.999998222881848475e-01 1.203575532681931293e+00 0.000000000000000000e+00 0.000000000000000000e+00 0.000000000000000000e+00 1.000000000000000000e+00
9.999997817735951644e-01 -6.347665861370383605e-04 -1.684009330243027569e-04 -3.090595325999714871e-03 6.346774753735371331e-04 9.999996583469350497e-01 -5.538896234138189489e-04 -2.701446070364532659e-02 1.687465235003966779e-04 5.537828496144335533e-04 9.999997874792713182e-01 1.203583022389921098e+00 0.000000000000000000e+00 0.000000000000000000e+00 0.000000000000000000e+00 1.000000000000000000e+00
9.999992123689718238e-01 -1.275098408407990269e-03 -2.076141614569954053e-04 -1.256407606628789919e-03 1.274895097290972869e-03 9.999986655975616756e-01 -9.840630307084751241e-04 -2.675620342472639912e-02 2.088627666593269316e-04 9.837977787347934600e-04 9.999995061824332732e-01 1.201865272905052962e+00 0.000000000000000000e+00 0.000000000000000000e+00 0.000000000000000000e+00 1.000000000000000000e+00
9.999997463810389453e-01 -4.371507943240817437e-04 -3.592861954800144475e-04 -2.961873944195975161e-03 4.374840763493271709e-04 9.999994762434750717e-01 9.299698536209821675e-04 -2.363166637246871815e-02 3.588894870840304840e-04 -9.301262824396323153e-04 9.999994539744766486e-01 1.200180217795477233e+00 0.000000000000000000e+00 0.000000000000000000e+00 0.000000000000000000e+00 1.000000000000000000e+00
9.999999920395195030e-01 -4.513580004607994326e-05 -2.477423611416951221e-04 -2.590280562260488528e-03 4.567716420518459558e-05 9.999976293470567157e-01 2.186014537260494786e-03 -2.595337467379610352e-02 2.476329317660508345e-04 -2.186030264501143475e-03 9.999976012218972921e-01 1.202919859830075211e+00 0.000000000000000000e+00 0.000000000000000000e+00 0.000000000000000000e+00 1.000000000000000000e+00
9.999998272919761177e-01 4.676659614062247342e-04 -2.869517388462243523e-04 -4.035054422381362249e-03 -4.680809426243907109e-04 9.999988274438157410e-01 -1.446487767801088106e-03 -2.714794006794440939e-02 2.862757360898027237e-04 1.446625513182812212e-03 9.999989311019890081e-01 1.197267268428802822e+00 0.000000000000000000e+00 0.000000000000000000e+00 0.000000000000000000e+00 1.000000000000000000e+00
9.999989059700922223e-01 1.541479636577898363e-03 -5.729047289388528030e-05 -5.557994367267782287e-03 -1.541566538196167393e-03 9.999974152833561725e-01 -1.684037605480037843e-03 -2.419907705137736009e-02 5.469635735591213410e-05 1.684124314503954514e-03 9.999985837389410159e-01 1.193602259438208080e+00 0.000000000000000000e+00 0.000000000000000000e+00 0.000000000000000000e+00 1.000000000000000000e+00
9.999976224656530466e-01 2.159844905692764015e-03 -7.901774538795688918e-05 -6.519924819125555437e-03 -2.159839984540412941e-03 9.999976026410900554e-01 1.647658579527182948e-04 -2.490001971778244005e-02 7.937254333670318296e-05 -1.645945475418691614e-04 9.999999456584949264e-01 1.194381332757586733e+00 0.000000000000000000e+00 0.000000000000000000e+00 0.000000000000000000e+00 1.000000000000000000e+00
9.999983142489724530e-01 1.804025293933216858e-03 6.357733755986416657e-05 -5.573441789007704816e-03 -1.804049557050375072e-03 9.999984057590852737e-01 2.591298553185046941e-04 -2.483967258601427197e-02 -6.310700610443961689e-05 -2.592444667557187651e-04 9.999999962882025750e-01 1.191054020804315883e+00 0.000000000000000000e+00 0.000000000000000000e+00 0.000000000000000000e+00 1.000000000000000000e+00
9.999986838124741428e-01 1.644253449474039619e-03 2.074665082918911163e-04 -5.154979294562406222e-03 -1.644344249663185365e-03 9.999984757066426866e-01 4.799613123797966119e-04 -2.466003273274908203e-02 -2.066797219685487241e-04 -4.803023847665035401e-04 9.999998901521660599e-01 1.189992394623914151e+00 0.000000000000000000e+00 0.000000000000000000e+00 0.000000000000000000e+00 1.000000000000000000e+00
9.999995033015732782e-01 3.909319192532035203e-04 9.587261395093381322e-04 -2.835672136927813725e-03 -3.918354347286613724e-04 9.999995428709000933e-01 9.399316178133939464e-04 -2.667529924282896481e-02 -9.583658892897035930e-04 -9.403070642845113430e-04 9.999991330712934001e-01 1.186269138014239388e+00 0.000000000000000000e+00 0.000000000000000000e+00 0.000000000000000000e+00 1.000000000000000000e+00
9.999964613229495036e-01 1.655755960909484435e-03 2.061630893521435720e-03 -2.917701964700203376e-03 -1.657013791248897498e-03 9.999984054497638164e-01 6.116427049595567905e-04 -2.720538515657500156e-02 -2.060604253743190256e-03 -6.150541174672254779e-04 9.999976448938964202e-01 1.185336955889184196e+00 0.000000000000000000e+00 0.000000000000000000e+00 0.000000000000000000e+00 1.000000000000000000e+00
9.999962963100749169e-01 -5.768997168041137529e-04 2.653433837662116934e-03 1.480102035260930093e-03 5.788501002980819083e-04 9.999995623994736293e-01 -7.349010297093769295e-04 -3.066618638534279739e-02 -2.653007308812316625e-03 7.364325070802670709e-04 9.999962423899156905e-01 1.177926317569799153e+00 0.000000000000000000e+00 0.000000000000000000e+00 0.000000000000000000e+00 1.000000000000000000e+00
9.999912571827271890e-01 -3.434236252817904431e-03 2.388209465411782542e-03 5.804003207196983816e-03 3.447338470176711678e-03 9.999788901450556988e-01 -5.507304006023376435e-03 -2.837249370639627344e-02 -2.369249263712883483e-03 5.515488073841473549e-03 9.999819150230991882e-01 1.175063355133829646e+00 0.000000000000000000e+00 0.000000000000000000e+00 0.000000000000000000e+00 1.000000000000000000e+00
9.999968289031652136e-01 5.727043938915961493e-04 2.464262088399591516e-03 2.060875451046217943e-03 -5.685737861537509905e-04 9.999984627880998955e-01 -1.675553420479857728e-03 -2.410461377504269365e-02 -2.465218956809218584e-03 1.674145454884278395e-03 9.999956375550906884e-01 1.175473423838624853e+00 0.000000000000000000e+00 0.000000000000000000e+00 0.000000000000000000e+00 1.000000000000000000e+00
9.999955804165479023e-01 -7.226638670782629384e-04 2.869201025378676634e-03 2.983651945027476771e-03 7.114476008474387861e-04 9.999921070557428182e-01 3.908329336131713058e-03 -2.422592938682144315e-02 -2.872002557935716960e-03 -3.906269233186357784e-03 9.999882135747421019e-01 1.178268119712669204e+00 0.000000000000000000e+00 0.000000000000000000e+00 0.000000000000000000e+00 1.000000000000000000e+00
9.999946325760895594e-01 8.027571670146229688e-05 3.295458333220774999e-03 3.567464224998984079e-03 -8.678487944496749394e-05 9.999979889154926305e-01 1.976478184416119790e-03 -2.677058290509837235e-02 -3.295293749037801756e-03 -1.976753267644208376e-03 9.999925613435074467e-01 1.173689016957084164e+00 0.000000000000000000e+00 0.000000000000000000e+00 0.000000000000000000e+00 1.000000000000000000e+00
9.999917612636247677e-01 4.359772751388401950e-04 4.017840924582637835e-03 1.294474829778513580e-03 -4.271798742253700714e-04 9.999975223414909742e-01 -2.191107462995902332e-03 -2.656044044995953257e-02 -4.018786108147024208e-03 2.189372252781689003e-03 9.999895811850465499e-01 1.165935808980592014e+00 0.000000000000000000e+00 0.000000000000000000e+00 0.000000000000000000e+00 1.000000000000000000e+00
9.999935573734611838e-01 -8.961890493502126451e-04 3.489977977199664946e-03 4.654010731615976226e-03 9.049952941313490692e-04 9.999963997004378546e-01 -2.521745973732259904e-03 -2.685602391435026881e-02 -3.487706330295457791e-03 2.524888315103151776e-03 9.999906766871191621e-01 1.164466336007791369e+00 0.000000000000000000e+00 0.000000000000000000e+00 0.000000000000000000e+00 1.000000000000000000e+00
9.999931251354172712e-01 -1.425733442849750135e-03 3.414665572199016355e-03 5.801775503789130539e-03 1.438805307635210523e-03 9.999916841831761882e-01 -3.830468803065624917e-03 -2.777442432412469131e-02 -3.409176122403512546e-03 3.835354313412631371e-03 9.999869173925126642e-01 1.158845624195279811e+00 0.000000000000000000e+00 0.000000000000000000e+00 0.000000000000000000e+00 1.000000000000000000e+00
9.999942459389014049e-01 -8.648517960660669383e-04 3.295351699192285849e-03 4.628769708869384658e-03 8.683312663078020547e-04 9.999990763083128620e-01 -1.051996907069042628e-03 -2.424566828524810091e-02 -3.294443258946270006e-03 1.054852152615978669e-03 9.999939953878195231e-01 1.159542060333379254e+00 0.000000000000000000e+00 0.000000000000000000e+00 0.000000000000000000e+00 1.000000000000000000e+00
9.999934194184143532e-01 -1.737603340480917764e-04 3.614400208876230799e-03 2.464022190491022002e-03 1.667472246208515627e-04 9.999980821964268296e-01 1.941516637060544843e-03 -2.296146406383270389e-02 -3.614724254319912067e-03 -1.940900929424885539e-03 9.999915919133972597e-01 1.159666198845755503e+00 0.000000000000000000e+00 0.000000000000000000e+00 0.000000000000000000e+00 1.000000000000000000e+00
9.999920961424557664e-01 1.109767953612535293e-03 3.828094588024827383e-03 1.941375255510635611e-03 -1.113388402887895666e-03 9.999989224480193561e-01 9.399744649911927902e-04 -2.454135910407795329e-02 -3.827049070809780684e-03 -9.442289646984421960e-04 9.999922403546409599e-01 1.154348225866002053e+00 0.000000000000000000e+00 0.000000000000000000e+00 0.000000000000000000e+00 1.000000000000000000e+00
9.999930148264907226e-01 -3.714838585371234812e-04 3.694464779059009746e-03 3.710699365433445251e-03 3.798795605027084415e-04 9.999973654332822148e-01 -2.270578025151541099e-03 -2.666111854343999887e-02 -3.693609336599627119e-03 2.271965754948430949e-03 9.999905817611677294e-01 1.152952864536359812e+00 0.000000000000000000e+00 0.000000000000000000e+00 0.000000000000000000e+00 1.000000000000000000e+00
9.999945018428535448e-01 -3.786073820453360024e-04 3.308795481247985698e-03 3.982700126161642373e-03 3.870126233278872448e-04 9.999966447477482978e-01 -2.537677775692673190e-03 -2.388171288054818930e-02 -3.307821008301969207e-03 2.538942914096163107e-03 9.999912992679739210e-01 1.149961079591506063e+00 0.000000000000000000e+00 0.000000000000000000e+00 0.000000000000000000e+00 1.000000000000000000e+00
9.999946239659330827e-01 7.832805009193213441e-05 3.263924474106835033e-03 3.637613226103564301e-03 -7.714688208102654394e-05 9.999999652536889494e-01 -3.619165624722609290e-04 -2.242932278224585296e-02 -3.263960829330128655e-03 3.616624704701728102e-04 9.999945449472791292e-01 1.150672673219574449e+00 0.000000000000000000e+00 0.000000000000000000e+00 0.000000000000000000e+00 1.000000000000000000e+00
9.999950918542361844e-01 -1.311459555500704309e-03 2.861278750416817312e-03 4.484740228240191584e-03 1.307842519880833077e-03 9.999983858416567895e-01 1.262779192120307408e-03 -2.219952739884334392e-02 -2.862924185241512431e-03 -1.259029679584505040e-03 9.999951415390857523e-01 1.153856142413545172e+00 0.000000000000000000e+00 0.000000000000000000e+00 0.000000000000000000e+00 1.000000000000000000e+00
9.999958541516889010e-01 -7.121794303256742502e-04 2.784129969698671825e-03 4.840589755281676787e-03 7.084217447010325965e-04 9.999988364311470646e-01 1.351212708162242895e-03 -2.202386020987656678e-02 -2.785089533701386177e-03 -1.349235508737691791e-03 9.999951851604396147e-01 1.155582400605837279e+00 0.000000000000000000e+00 0.000000000000000000e+00 0.000000000000000000e+00 1.000000000000000000e+00
9.999960110543500980e-01 -7.543354694623204387e-04 2.736998893832741364e-03 4.911137651470554033e-03 7.491788135357296428e-04 9.999979524937903097e-01 1.884657481732563431e-03 -2.244798460222408032e-02 -2.738422268003311288e-03 -1.882599091434619849e-03 9.999944828855935608e-01 1.156777089075148979e+00 0.000000000000000000e+00 0.000000000000000000e+00 0.000000000000000000e+00 1.000000000000000000e+00
9.999964237237713993e-01 -1.085854690239989977e-03 2.440533608874653759e-03 5.896395873059567805e-03 1.082962209701523321e-03 9.999986866530917728e-01 1.186211398954206209e-03 -2.444760135183776661e-02 -2.441812934283228709e-03 -1.183564180762148102e-03 9.999963318303259907e-01 1.156551231375686939e+00 0.000000000000000000e+00 0.000000000000000000e+00 0.000000000000000000e+00 1.000000000000000000e+00
9.999963609492982242e-01 -1.382483048380821374e-03 2.287873387353152321e-03 5.412347279923679366e-03 1.387365178622305094e-03 9.999967090391841396e-01 -2.133478082376914602e-03 -2.585113657891580097e-02 -2.284919617340952502e-03 2.136644268627289726e-03 9.999951301520869640e-01 1.153896394017920102e+00 0.000000000000000000e+00 0.000000000000000000e+00 0.000000000000000000e+00 1.000000000000000000e+00
9.999963227044410541e-01 -1.618767886150842498e-03 2.219120766838979242e-03 6.798781888933014272e-03 1.626636973683019943e-03 9.999924088663711963e-01 -3.548486581036515777e-03 -2.421657859568160376e-02 -2.213359045191792829e-03 3.552081594497160603e-03 9.999912589266001239e-01 1.159167982103653571e+00 0.000000000000000000e+00 0.000000000000000000e+00 0.000000000000000000e+00 1.000000000000000000e+00
9.999977394291793553e-01 2.086140235713098128e-04 2.073375114554000531e-03 4.256101606272544302e-03 -2.020999438589330863e-04 9.999950656361790147e-01 -3.141472655038867953e-03 -2.182095496776415011e-02 -2.074020797890298307e-03 3.141046840802732762e-03 9.999928924324623658e-01 1.160530218224309351e+00 0.000000000000000000e+00 0.000000000000000000e+00 0.000000000000000000e+00 1.000000000000000000e+00
9.999987033040194095e-01 9.808597884112705634e-05 1.629929220313353078e-03 3.888994878002982603e-03 -9.642236891306110291e-05 9.999994197905608395e-01 -1.020562779482930491e-03 -2.078064769400489453e-02 -1.630025387682934590e-03 1.020403280058833351e-03 9.999981352181456229e-01 1.169134549661308142e+00 0.000000000000000000e+00 0.000000000000000000e+00 0.000000000000000000e+00 1.000000000000000000e+00
9.999997835965240833e-01 8.979983232646095289e-05 6.032069903995698756e-04 1.381955166389836620e-03 -9.017382466349545571e-05 9.999998296064692704e-01 6.188483268353877145e-04 -2.061742914600395160e-02 -6.031565405221830933e-04 -6.189018234810167093e-04 9.999996938220568898e-01 1.176107651869514825e+00 0.000000000000000000e+00 0.000000000000000000e+00 0.000000000000000000e+00 1.000000000000000000e+00
9.999997274942276082e-01 2.965967545201886151e-04 -7.585443520157289510e-04 -4.950303664630339995e-04 -2.950755348242315086e-04 9.999979156794149837e-01 2.004789688937595217e-03 -2.106036920779374988e-02 7.591401992366950124e-04 -2.004564564072832192e-03 9.999976982210763143e-01 1.182222819797388524e+00 0.000000000000000000e+00 0.000000000000000000e+00 0.000000000000000000e+00 1.000000000000000000e+00
9.999988433733613125e-01 -6.050050461641469802e-04 -1.375367783155612145e-03 2.238472596545193483e-04 6.072408077325738536e-04 9.999985332118078718e-01 1.624859997852672218e-03 -2.290228927046134011e-02 1.374389013229185275e-03 -1.625692886358448205e-03 9.999976428985702936e-01 1.185670429267858594e+00 0.000000000000000000e+00 0.000000000000000000e+00 0.000000000000000000e+00 1.000000000000000000e+00
9.999979225785430303e-01 3.108971994067200061e-04 -2.004346377473577301e-03 8.355942441653496644e-04 -3.096224341602550134e-04 9.999997331433613246e-01 6.368520853200026165e-04 -2.452209546401795670e-02 2.004533134929056826e-03 -6.362301180528589367e-04 9.999978475963122726e-01 1.192689495609798200e+00 0.000000000000000000e+00 0.000000000000000000e+00 0.000000000000000000e+00 1.000000000000000000e+00
9.999969249256492887e-01 1.738071991015644163e-04 -2.463320865788265479e-03 -1.397430635088348083e-03 -1.723697623628265294e-04 9.999998773882985414e-01 5.837725030200910555e-04 -2.374307642361661586e-02 2.463433680525373148e-03 -5.833463503759420132e-04 9.999967436470155180e-01 1.199160799802484689e+00 0.000000000000000000e+00 0.000000000000000000e+00 0.000000000000000000e+00 1.000000000000000000e+00
9.999951568231718602e-01 4.806999658410579697e-04 -3.106425684388486319e-03 -1.896072103892976202e-03 -4.807928866509621917e-04 9.999998677296358940e-01 -2.897322742614893976e-05 -2.483681190603159727e-02 3.106403848798913736e-03 3.046692909281249403e-05 9.999952508146505714e-01 1.200400652617005903e+00 0.000000000000000000e+00 0.000000000000000000e+00 0.000000000000000000e+00 1.000000000000000000e+00
9.999918301478640803e-01 1.445872537096539725e-03 -3.759706440114807258e-03 -4.836264765594400217e-03 -1.447126540541589755e-03 9.999989126295462105e-01 -3.309601327935538656e-04 -2.474864020727363112e-02 3.759225350625290674e-03 3.363983046400947398e-04 9.999928779510447452e-01 1.205539502054037371e+00 0.000000000000000000e+00 0.000000000000000000e+00 0.000000000000000000e+00 1.000000000000000000e+00
9.999923818210849635e-01 1.467817815873538817e-04 -3.911857086502469605e-03 -3.018014759716969309e-03 -1.460738963871877928e-04 9.999999040863453148e-01 1.810990267505736481e-04 -2.453966016708619691e-02 3.911883296187843029e-03 -1.805267747531954896e-04 9.999922571476236310e-01 1.207460066766444129e+00 0.000000000000000000e+00 0.000000000000000000e+00 0.000000000000000000e+00 1.000000000000000000e+00
9.999915354216000196e-01 6.823265659873605209e-04 -4.051228333973994761e-03 -2.719291454066130598e-03 -6.778918310211376648e-04 9.999991982397645751e-01 1.096225870925645555e-03 -2.590784275166746475e-02 4.051971508929774757e-03 -1.093469586981217012e-03 9.999912472866682167e-01 1.213622679162199347e+00 0.000000000000000000e+00 0.000000000000000000e+00 0.000000000000000000e+00 1.000000000000000000e+00
9.999906004593133169e-01 2.093774040136627327e-04 -4.328951802133308713e-03 -3.351798844918985054e-03 -2.058957500210762174e-04 9.999996725690514232e-01 8.046478078173842970e-04 -2.623794313074401252e-02 4.329121581827265197e-03 -8.037481068358610838e-04 9.999903263142351229e-01 1.216137330128930216e+00 0.000000000000000000e+00 0.000000000000000000e+00 0.000000000000000000e+00 1.000000000000000000e+00
9.999900304058605416e-01 1.724318062485596307e-04 -4.454935755899572247e-03 -2.796621864761483778e-03 -1.691766783931885156e-04 9.999996651943233728e-01 7.310309150890633616e-04 -2.618170211595272079e-02 4.455056710907616402e-03 -7.302704125649161354e-04 9.999897993309262434e-01 1.216705974036941029e+00 0.000000000000000000e+00 0.000000000000000000e+00 0.000000000000000000e+00 1.000000000000000000e+00
9.999885222201071455e-01 3.868454717385362823e-04 -4.791493822284930218e-03 -4.389200478360777424e-03 -3.860097265763078912e-04 9.999999725894137548e-01 1.753334528847948345e-04 -2.613831178505954256e-02 4.791568259451583003e-03 -1.734818201968342120e-04 9.999884824085076840e-01 1.218951591273253143e+00 0.000000000000000000e+00 0.000000000000000000e+00 0.000000000000000000e+00 1.000000000000000000e+00
9.999874331798941363e-01 8.308035896031895889e-04 -4.939350272218402671e-03 -5.216284006233973258e-03 -8.308518893134948791e-04 9.999996664293762105e-01 -7.077539476483261146e-06 -2.732947592771317602e-02 4.939340064711496975e-03 1.118120050776973021e-05 9.999877572955381266e-01 1.220357515429668638e+00 0.000000000000000000e+00 0.000000000000000000e+00 0.000000000000000000e+00 1.000000000000000000e+00
9.999875281230535817e-01 5.125552322890728927e-04 -4.956905290886511224e-03 -3.925414063204790693e-03 -5.140759968791558431e-04 9.999997993189200240e-01 -3.045432705897588798e-04 -2.873488698070536529e-02 4.956748433084951985e-03 3.070877046323947459e-04 9.999877367487219892e-01 1.223223489378909790e+00 0.000000000000000000e+00 0.000000000000000000e+00 0.000000000000000000e+00 1.000000000000000000e+00
