9.999794999989183308e-01 5.025122880768155380e-04 -6.380358170464089061e-03 -4.596714015580808353e-03 -5.005160142490648221e-04 9.999998000001049103e-01 3.144874438333803259e-04 -2.001524032557077445e-03 6.380514829718002962e-03 -3.112874563358889336e-04 9.999796000009755215e-01 9.154274000149639767e-02 0.000000000000000000e+00 0.000000000000000000e+00 0.000000000000000000e+00 1.000000000000000000e+00
9.999752083937459846e-01 5.597128137748491258e-04 -7.025880692594193774e-03 -4.812145099062106919e-03 -5.604680560068619642e-04 9.999998457623543446e-01 -1.053944174922553944e-04 -2.390222100150659907e-03 7.025822043509469608e-03 1.093296263082045952e-04 9.999752954252513204e-01 9.422644213810046909e-02 0.000000000000000000e+00 0.000000000000000000e+00 0.000000000000000000e+00 1.000000000000000000e+00
9.999716159153727579e-01 3.336701544963336361e-04 -7.523659285268257182e-03 -6.209035347553945594e-03 -3.383737569832636098e-04 9.999997200684993537e-01 -6.240347877608965355e-04 -2.527333458814902400e-03 7.523449751703598434e-03 6.265627202914814033e-04 9.999715373962954068e-01 9.782143238489696135e-02 0.000000000000000000e+00 0.000000000000000000e+00 0.000000000000000000e+00 1.000000000000000000e+00
9.999578983830305079e-01 6.681035921126047931e-04 -9.153842678601840227e-03 -8.922662474129762836e-03 -6.809345581989045349e-04 9.999987991497056861e-01 -1.398651600603673020e-03 1.625357780673172825e-04 9.152901097844310524e-03 1.404825497138673714e-03 9.999570733919468379e-01 1.040522669985782800e-01 0.000000000000000000e+00 0.000000000000000000e+00 0.000000000000000000e+00 1.000000000000000000e+00
9.999358972250604882e-01 2.588671647784609228e-04 -1.131821365721723260e-02 -1.067362807010665410e-02 -2.789232244534244737e-04 9.999984116942102208e-01 -1.770377863553749187e-03 -3.942110251828230549e-04 1.131773493574300682e-02 1.773421120431051051e-03 9.999343809708518549e-01 1.142032463827955535e-01 0.000000000000000000e+00 0.000000000000000000e+00 0.000000000000000000e+00 1.000000000000000000e+00
9.999085343420047733e-01 -4.533610878288565449e-05 -1.352239145119405600e-02 -1.199855138072673452e-02 3.233954910809036737e-05 9.999994898793613807e-01 -9.614137244850699641e-04 -3.404985857979932889e-04 1.352242480311285910e-02 9.608889754801298519e-04 9.999081841207878574e-01 1.274041525266793595e-01 0.000000000000000000e+00 0.000000000000000000e+00 0.000000000000000000e+00 1.000000000000000000e+00
9.998703238533477311e-01 7.874569883335312982e-05 -1.610482000308453843e-02 -1.508953974222165123e-02 -7.908425791535784359e-05 1.000000084823431390e+00 -2.029240029349961560e-05 -3.403636973721242340e-04 1.610482518976291688e-02 2.156255731559485883e-05 9.998702802480273766e-01 1.400462580352559439e-01 0.000000000000000000e+00 0.000000000000000000e+00 0.000000000000000000e+00 1.000000000000000000e+00
9.998252559335912837e-01 -1.231166657657696648e-03 -1.865228007128055809e-02 -1.541865765070456890e-02 1.229961666815383194e-03 9.999992030061253256e-01 -7.612450318688138151e-05 -7.005816174587434567e-04 1.865235403408180281e-02 5.317037450528611098e-05 9.998260353834272918e-01 1.537276264338329756e-01 0.000000000000000000e+00 0.000000000000000000e+00 0.000000000000000000e+00 1.000000000000000000e+00
9.997980200389732230e-01 -1.347840351981243953e-03 -2.005482818664998390e-02 -1.777551140040703470e-02 1.346386611456269061e-03 9.999990802803536694e-01 -8.603145373413043084e-05 -8.977344761387567526e-04 2.005492802233323213e-02 5.901291323984377002e-05 9.997988324722196785e-01 1.649935849641570584e-01 0.000000000000000000e+00 0.000000000000000000e+00 0.000000000000000000e+00 1.000000000000000000e+00
9.997520425780849207e-01 -7.175523730508579900e-05 -2.226921975256625219e-02 -2.126918497419738596e-02 6.698257030392066897e-05 9.999999572979728635e-01 -2.150473860357488345e-04 -3.314092214216340232e-03 2.226916542280613087e-02 2.135011871472166159e-04 9.997520048536659987e-01 1.728512947342035755e-01 0.000000000000000000e+00 0.000000000000000000e+00 0.000000000000000000e+00 1.000000000000000000e+00
9.996962732245185945e-01 3.580376095437983602e-03 -2.437941659352541035e-02 -2.757423344566609785e-02 -3.610826546678300424e-03 9.999927549693071738e-01 -1.205092984920860637e-03 -5.762268746880502834e-03 2.437502469468588728e-02 1.292757724253901924e-03 9.997020342332418874e-01 1.794859281930389905e-01 0.000000000000000000e+00 0.000000000000000000e+00 0.000000000000000000e+00 1.000000000000000000e+00
9.996571678792058879e-01 4.709646328075705116e-03 -2.575819899173023564e-02 -3.231835688991497452e-02 -4.757368479901517497e-03 9.999871405526392643e-01 -1.791663569043896835e-03 -7.532717192953678614e-03 2.574935384801807503e-02 1.913588719283879774e-03 9.996665819157396493e-01 1.858509030501471759e-01 0.000000000000000000e+00 0.000000000000000000e+00 0.000000000000000000e+00 1.000000000000000000e+00
9.996198005169807388e-01 3.754317566791617617e-03 -2.731540330095416635e-02 -3.357834244112831851e-02 -3.778850890463108028e-03 9.999924181689009428e-01 -8.464612949536272357e-04 -6.986350796399937862e-03 2.731206927072829527e-02 9.493604002705109679e-04 9.996265461140677600e-01 1.938578108686188628e-01 0.000000000000000000e+00 0.000000000000000000e+00 0.000000000000000000e+00 1.000000000000000000e+00
9.995445462074568077e-01 9.479836702845105198e-04 -3.016464301470397902e-02 -3.366664049660138269e-02 -9.686183508448107521e-04 9.999993801703888074e-01 -6.697458051181243155e-04 -2.569038906250417642e-03 3.016396747477145812e-02 6.986579707135825296e-04 9.995447052363903850e-01 2.020403499777305711e-01 0.000000000000000000e+00 0.000000000000000000e+00 0.000000000000000000e+00 1.000000000000000000e+00
9.994923055762764408e-01 1.874945870959453687e-03 -3.180451776252887774e-02 -3.739491534895147268e-02 -1.868553593957136306e-03 9.999981996138823659e-01 2.307725707304964652e-04 -1.348889404717036611e-03 3.180497122887368522e-02 -1.712262165280940829e-04 9.994940941341662333e-01 2.086480022223282660e-01 0.000000000000000000e+00 0.000000000000000000e+00 0.000000000000000000e+00 1.000000000000000000e+00
9.994453143865889011e-01 2.247594184722861467e-03 -3.322803324703921257e-02 -4.151221359566639735e-02 -2.226385168272850511e-03 9.999972577597117107e-01 6.756465978590350807e-04 -2.274088052102610918e-03 3.322949192241320127e-02 -6.012933458538049364e-04 9.994475518183992824e-01 2.147445971728121350e-01 0.000000000000000000e+00 0.000000000000000000e+00 0.000000000000000000e+00 1.000000000000000000e+00
9.993668766255363600e-01 1.919147130093880500e-03 -3.552467479672194450e-02 -4.081601699473026701e-02 -1.901498537003246288e-03 9.999980620639717932e-01 5.303595270698385072e-04 -1.694015321622388548e-03 3.552549531059445709e-02 -4.624699710518310330e-04 9.993686998700572754e-01 2.193130244233767456e-01 0.000000000000000000e+00 0.000000000000000000e+00 0.000000000000000000e+00 1.000000000000000000e+00
9.993605289928221280e-01 2.923547003466941442e-03 -3.563756168769566246e-02 -4.377142784975845968e-02 -2.935593622677113226e-03 9.999956429184910789e-01 -2.856835987223235729e-04 -2.287014924813660088e-03 3.563656934679393373e-02 3.901185788092540602e-04 9.993646894606221798e-01 2.198246219428212633e-01 0.000000000000000000e+00 0.000000000000000000e+00 0.000000000000000000e+00 1.000000000000000000e+00
9.993420883285417666e-01 3.448902451753054453e-03 -3.610277428522862264e-02 -4.979947529065276157e-02 -3.454055604645804058e-03 9.999940822705473131e-01 -8.027108701976447269e-05 2.903556463620483863e-03 3.610238072202687221e-02 2.049207655683091961e-04 9.993481343188135302e-01 2.261511293944251655e-01 0.000000000000000000e+00 0.000000000000000000e+00 0.000000000000000000e+00 1.000000000000000000e+00
9.992623174449251078e-01 1.039741266508273192e-03 -3.838964553410684211e-02 -4.696951760299972189e-02 -1.050746246766506506e-03 9.999993424497854999e-01 -2.664181387139821777e-04 3.918769133289090600e-03 3.838933998586774310e-02 3.065553036955635108e-04 9.992627455891949229e-01 2.296182095492547148e-01 0.000000000000000000e+00 0.000000000000000000e+00 0.000000000000000000e+00 1.000000000000000000e+00
9.991656962429775746e-01 -3.411045326547980198e-03 -4.069805055821990036e-02 -4.222585246320564867e-02 3.337998994762881450e-03 9.999927830629224967e-01 -1.862795754577666399e-03 3.414800862350270139e-03 4.070411111933258663e-02 1.725391415419188362e-03 9.991698351702991143e-01 2.325211996759097843e-01 0.000000000000000000e+00 0.000000000000000000e+00 0.000000000000000000e+00 1.000000000000000000e+00
9.990518056527577517e-01 -5.010631899062930640e-03 -4.324847281229571294e-02 -4.247491877344455879e-02 4.952755262909827247e-03 9.999866564344805919e-01 -1.445234118661493927e-03 4.285226103986315704e-04 4.325503653948392646e-02 1.229670250596687914e-03 9.990633023912001143e-01 2.380758519420220765e-01 0.000000000000000000e+00 0.000000000000000000e+00 0.000000000000000000e+00 1.000000000000000000e+00
9.989113026654641292e-01 3.704654781409074532e-04 -4.664801039539251404e-02 -5.462770695179297586e-02 -2.767104706064074660e-04 9.999978959513982080e-01 2.016165689082135420e-03 -2.573449291603710151e-03 4.664872251047408325e-02 -2.001065175415853506e-03 9.989093572052287762e-01 2.452878757521270714e-01 0.000000000000000000e+00 0.000000000000000000e+00 0.000000000000000000e+00 1.000000000000000000e+00
9.987158991605347147e-01 5.995197671000398326e-03 -5.030502888888704893e-02 -6.894273245949211759e-02 -5.818630022287088824e-03 9.999764563405677542e-01 3.655804638445474784e-03 -5.164537397820266607e-03 5.032585608919160070e-02 -3.358401791755564331e-03 9.987271771251566843e-01 2.540114606388641505e-01 0.000000000000000000e+00 0.000000000000000000e+00 0.000000000000000000e+00 1.000000000000000000e+00
9.986152293917909262e-01 3.509728583829592463e-03 -5.249073029938700063e-02 -6.802469208962635960e-02 -3.476437637175332218e-03 9.999936041456668478e-01 7.254504372337950563e-04 -5.102177525627152321e-03 5.249283120639947064e-02 -5.419690259254299897e-04 9.986211397331057338e-01 2.588863402769705502e-01 0.000000000000000000e+00 0.000000000000000000e+00 0.000000000000000000e+00 1.000000000000000000e+00
9.985060174896143170e-01 8.552010209958819942e-04 -5.463575472018944446e-02 -6.412702799513181340e-02 -8.953621156961490829e-04 9.999993430741946909e-01 -7.106598157058593990e-04 -5.562760037004156610e-03 5.463517315510824091e-02 7.585164789423587406e-04 9.985060780133674374e-01 2.669769741906860006e-01 0.000000000000000000e+00 0.000000000000000000e+00 0.000000000000000000e+00 1.000000000000000000e+00
9.983773892435348074e-01 -5.327908203853424715e-03 -5.669434871196060710e-02 -5.625059502865870087e-02 5.311696266887168047e-03 9.999858362525172462e-01 -4.365471451080165516e-04 -3.089303563007066156e-03 5.669586406078469532e-02 1.346936388183367361e-04 9.983914871717076700e-01 2.763959443469996557e-01 0.000000000000000000e+00 0.000000000000000000e+00 0.000000000000000000e+00 1.000000000000000000e+00
9.983139074955145187e-01 -4.518370037911617274e-03 -5.786948471509217873e-02 -6.024863969497995519e-02 4.490005323268561263e-03 9.999897051996968766e-01 -6.203394623587096118e-04 -3.392165048787657011e-03 5.787173050005733899e-02 3.594632516771261582e-04 9.983239730873118001e-01 2.876787185849041251e-01 0.000000000000000000e+00 0.000000000000000000e+00 0.000000000000000000e+00 1.000000000000000000e+00
9.983468121228091796e-01 -1.986855893536573769e-03 -5.744170342464138823e-02 -6.421731194854896074e-02 2.061926940005918106e-03 9.999971307500203910e-01 1.247760550086308637e-03 -3.771962069625114933e-03 5.743900438606919234e-02 -1.364140908343107993e-03 9.983480669181454825e-01 2.969558850089812907e-01 0.000000000000000000e+00 0.000000000000000000e+00 0.000000000000000000e+00 1.000000000000000000e+00
9.982535962210419278e-01 -1.206938834036052743e-03 -5.906242624705726474e-02 -6.763022289679510024e-02 1.333554600798348387e-03 9.999969185960730922e-01 2.104421898456147570e-03 -3.100935478285438140e-03 5.905966239892601610e-02 -2.179505070207172091e-03 9.982520987070734320e-01 3.100702210698536021e-01 0.000000000000000000e+00 0.000000000000000000e+00 0.000000000000000000e+00 1.000000000000000000e+00
9.981778047851519453e-01 -7.367940120564775951e-04 -6.033797356354547725e-02 -6.895798927834473346e-02 8.105050096073908306e-04 9.999989543814883364e-01 1.197152088153858717e-03 -2.916912414639885598e-03 6.033701992127604719e-02 -1.243873430805449848e-03 9.981772814976217489e-01 3.193075530018791852e-01 0.000000000000000000e+00 0.000000000000000000e+00 0.000000000000000000e+00 1.000000000000000000e+00
9.981899200731547683e-01 3.961876933696790483e-04 -6.013811517229494807e-02 -7.078500912142882129e-02 -2.853809419496419926e-04 9.999982058880018121e-01 1.851012357161901153e-03 -2.561601424792378512e-03 6.013877767429609555e-02 -1.830499725890539489e-03 9.981883535343001324e-01 3.297469583838648077e-01 0.000000000000000000e+00 0.000000000000000000e+00 0.000000000000000000e+00 1.000000000000000000e+00
9.981923336412230618e-01 2.034735653129115217e-04 -6.010018711254405677e-02 -7.202755696798535112e-02 -6.334813939549077330e-05 9.999973258825750611e-01 2.333559963368965137e-03 -1.160423035990856833e-03 6.010055555156484930e-02 -2.325527239956122223e-03 9.981895681139651977e-01 3.461544017674542673e-01 0.000000000000000000e+00 0.000000000000000000e+00 0.000000000000000000e+00 1.000000000000000000e+00
9.982120492455989202e-01 1.148517836373584913e-03 -5.976141952712266114e-02 -7.252252399617953316e-02 -1.044625075500262490e-03 9.999978930274689981e-01 1.769594903826008595e-03 -3.165988284580423251e-03 5.976327072183468259e-02 -1.704006575515750821e-03 9.982112177020640020e-01 3.588994620002212699e-01 0.000000000000000000e+00 0.000000000000000000e+00 0.000000000000000000e+00 1.000000000000000000e+00
9.983005799744474329e-01 -7.803853060460853690e-04 -5.827022579666346624e-02 -6.873015443738772490e-02 9.917942441467226394e-04 9.999930253177702344e-01 3.599287506661511416e-03 -6.154499815752362268e-03 5.826701710556375646e-02 -3.650963159986204964e-03 9.982942710131740283e-01 3.766955026547957885e-01 0.000000000000000000e+00 0.000000000000000000e+00 0.000000000000000000e+00 1.000000000000000000e+00
9.984286846257076631e-01 -2.304463384782029674e-03 -5.598851521768757888e-02 -5.979002686491297069e-02 2.474604998797142689e-03 9.999924885581179534e-01 2.969733709497395305e-03 -9.144437697993279546e-03 5.598125695581979144e-02 -3.103615337744176049e-03 9.984270018414895809e-01 3.879563959569782838e-01 0.000000000000000000e+00 0.000000000000000000e+00 0.000000000000000000e+00 1.000000000000000000e+00
9.986226361275305496e-01 -1.317361649319830942e-03 -5.245156596919051117e-02 -5.857297861401145056e-02 1.351450822830439335e-03 9.999988686075130806e-01 6.144261578513506451e-04 -9.137877778271991103e-03 5.245072111624865530e-02 -6.844723439828560765e-04 9.986233408849675142e-01 3.997354788399736236e-01 0.000000000000000000e+00 0.000000000000000000e+00 0.000000000000000000e+00 1.000000000000000000e+00
9.988268434770860571e-01 3.397294593069670118e-03 -4.830594945359556469e-02 -6.190967958895132739e-02 -3.375519563763832061e-03 9.999941811728736418e-01 5.323729188339381118e-04 -6.816366948257324143e-03 4.830746677630989860e-02 -3.686888954124790171e-04 9.988324567969480983e-01 4.166181230591288198e-01 0.000000000000000000e+00 0.000000000000000000e+00 0.000000000000000000e+00 1.000000000000000000e+00
9.990571054708884402e-01 3.597285194212567015e-03 -4.326505780335154761e-02 -5.711963382890861141e-02 -3.603634064137773308e-03 9.999935568036099065e-01 -6.870650061072143121e-05 -4.416474301392775414e-03 4.326451417876031602e-02 2.245571572573923412e-04 9.990635495675141975e-01 4.332996794928902773e-01 0.000000000000000000e+00 0.000000000000000000e+00 0.000000000000000000e+00 1.000000000000000000e+00
9.992615779529246955e-01 2.466669706740495446e-03 -3.834424059750847491e-02 -4.964854355621106663e-02 -2.528850158029733852e-03 9.999954901582748246e-01 -1.573226191484851030e-03 -3.337203402689309373e-03 3.834022994937551221e-02 1.669028739923608630e-03 9.992634096875001593e-01 4.475124096384419659e-01 0.000000000000000000e+00 0.000000000000000000e+00 0.000000000000000000e+00 1.000000000000000000e+00
9.993950435287246581e-01 1.674388677713337450e-04 -3.477745214999833356e-02 -4.298296734117279527e-02 -2.585136695947634622e-04 9.999965508160980621e-01 -2.614326431115081284e-03 -5.115149428905230167e-03 3.477689635984151928e-02 2.621734787976026573e-03 9.993916587645161886e-01 4.626142071815841916e-01 0.000000000000000000e+00 0.000000000000000000e+00 0.000000000000000000e+00 1.000000000000000000e+00
9.994949666740101657e-01 6.101846989793428822e-05 -3.177813879178373324e-02 -3.530504583955540454e-02 -1.453800473519934952e-04 9.999965318749060028e-01 -2.652393107529300419e-03 -7.578547045545308558e-03 3.177786963092477102e-02 2.655668050640659552e-03 9.994914522140340152e-01 4.761468549304295195e-01 0.000000000000000000e+00 0.000000000000000000e+00 0.000000000000000000e+00 1.000000000000000000e+00
9.996371786276910809e-01 1.297375783156061620e-03 -2.690367553509830437e-02 -3.433553467720873442e-02 -1.343966640980081770e-03 9.999976063577903362e-01 -1.713735840658541561e-03 -6.081291573354991042e-03 2.690139309259469841e-02 1.749279804806932754e-03 9.996364786891334120e-01 4.943142009266319192e-01 0.000000000000000000e+00 0.000000000000000000e+00 0.000000000000000000e+00 1.000000000000000000e+00
9.997733129655641537e-01 9.923340069827998530e-04 -2.126749492248466988e-02 -2.788460049986873912e-02 -1.042088297391144738e-03 9.999967641241384042e-01 -2.328490454059643517e-03 -3.364979561072067860e-03 2.126511168260745988e-02 2.350124123374834530e-03 9.997711888559607241e-01 5.095258046662767271e-01 0.000000000000000000e+00 0.000000000000000000e+00 0.000000000000000000e+00 1.000000000000000000e+00
9.998647480248699093e-01 1.950778278810884336e-05 -1.644684423481226898e-02 -2.002694951350481034e-02 -4.239031580993701809e-05 9.999990239491935995e-01 -1.390931676494010314e-03 -6.616673009921109072e-04 1.644680547394099246e-02 1.391441740006752262e-03 9.998637490114099524e-01 5.292026227455526310e-01 0.000000000000000000e+00 0.000000000000000000e+00 0.000000000000000000e+00 1.000000000000000000e+00
9.999108001117462674e-01 -8.291318316935589530e-04 -1.333344534764856204e-02 -1.604155941767348992e-02 8.341222960684810048e-04 9.999995711657734265e-01 3.686431492227843984e-04 -3.290690164739998314e-03 1.333313650341660939e-02 -3.797332804597736687e-04 9.999110695212891642e-01 5.450175619446717690e-01 0.000000000000000000e+00 0.000000000000000000e+00 0.000000000000000000e+00 1.000000000000000000e+00
9.999505728900843771e-01 1.284707218073858834e-03 -9.852208074530646731e-03 -1.315264770309632070e-02 -1.267191667257486221e-03 9.999976394153222703e-01 1.784050926759399823e-03 -8.205680145887017662e-03 9.854473667141219750e-03 -1.771482116576984182e-03 9.999498551011952729e-01 5.590252939959050593e-01 0.000000000000000000e+00 0.000000000000000000e+00 0.000000000000000000e+00 1.000000000000000000e+00
9.999742561712836597e-01 2.351971786861256283e-03 -6.777516887276610613e-03 -1.259291755373936894e-02 -2.339797657615414611e-03 9.999956390452839905e-01 1.803402241215549011e-03 -1.082471541017548944e-02 6.781731701973006676e-03 -1.787502911681188716e-03 9.999754212552020016e-01 5.769406389203197705e-01 0.000000000000000000e+00 0.000000000000000000e+00 0.000000000000000000e+00 1.000000000000000000e+00
9.999895799913559591e-01 1.527486041645580855e-04 -4.573723267027332562e-03 -5.201869375228262982e-03 -1.487398575879487345e-04 9.999996143906715318e-01 8.773252203505821616e-04 -6.408198949344107165e-03 4.573891779785788092e-03 -8.766259158205962423e-04 9.999890618902241846e-01 5.900014942515596772e-01 0.000000000000000000e+00 0.000000000000000000e+00 0.000000000000000000e+00 1.000000000000000000e+00
9.999954757077320622e-01 -2.422777012665102564e-03 -1.762889117512031478e-03 7.379265813396429508e-04 2.422736372423942366e-03 9.999970137719864649e-01 -2.548899695057000106e-05 -3.899997514833802859e-03 1.762954050929702032e-03 2.121549831858419739e-05 9.999985045755875879e-01 6.079020573236615377e-01 0.000000000000000000e+00 0.000000000000000000e+00 0.000000000000000000e+00 1.000000000000000000e+00
9.999973878213546108e-01 -2.217446972347410575e-03 6.132775300343451530e-04 1.426498721122548829e-03 2.216360837213532560e-03 9.999960089937454111e-01 1.768380205432750190e-03 -5.549762358830784281e-03 -6.172607155400522405e-04 -1.767011973541802484e-03 9.999982521114487710e-01 6.234234069572277548e-01 0.000000000000000000e+00 0.000000000000000000e+00 0.000000000000000000e+00 1.000000000000000000e+00
9.999987107967440725e-01 6.295281448240623232e-04 1.498307388772227022e-03 -4.206174841634435779e-04 -6.338382529281630720e-04 9.999956432738383860e-01 2.878229674609393898e-03 -1.171797103635510706e-02 -1.496456397796913640e-03 -2.879172506867276604e-03 9.999947511097609931e-01 6.392386479344960293e-01 0.000000000000000000e+00 0.000000000000000000e+00 0.000000000000000000e+00 1.000000000000000000e+00
9.999952454688171288e-01 2.384682492484885286e-03 1.939449532216891425e-03 -2.107334643567604360e-03 -2.385894001712535011e-03 9.999969077478010338e-01 6.238647310575499072e-04 -1.260259058571677748e-02 -1.937977620178235605e-03 -6.284985397566368592e-04 9.999979180422056135e-01 6.550047234636604543e-01 0.000000000000000000e+00 0.000000000000000000e+00 0.000000000000000000e+00 1.000000000000000000e+00
9.999971345709632864e-01 1.686408967965413036e-03 1.698361630263364730e-03 -3.747231874820400321e-03 -1.681837586105133439e-03 9.999949703776781496e-01 -2.694134558165900591e-03 -9.878158381350587991e-03 -1.702888838685315265e-03 2.691266684961148882e-03 9.999948995416656494e-01 6.654679756938310931e-01 0.000000000000000000e+00 0.000000000000000000e+00 0.000000000000000000e+00 1.000000000000000000e+00
9.999990990521523404e-01 3.527978567679519034e-04 1.247353125804623319e-03 -5.957713831037381169e-04 -3.525564168617486421e-04 9.999999234466776521e-01 -1.907686813118938517e-04 -4.926053350186088142e-03 -1.247426625202496808e-03 1.903345293045091962e-04 9.999992289528721878e-01 6.837939510372095242e-01 0.000000000000000000e+00 0.000000000000000000e+00 0.000000000000000000e+00 1.000000000000000000e+00
9.999987035921675815e-01 -5.267054200523615254e-04 1.539649721441604946e-03 8.393643053006272226e-04 5.232257733777303382e-04 9.999973336326440920e-01 2.262533824852184551e-03 -3.592740734785937473e-03 -1.540832151256679716e-03 -2.261722178147443710e-03 9.999962729740509149e-01 7.006428147085212998e-01 0.000000000000000000e+00 0.000000000000000000e+00 0.000000000000000000e+00 1.000000000000000000e+00
9.999979007833479372e-01 8.497882433191050744e-04 1.878065806437054230e-03 -6.149150050935858758e-04 -8.564297984504989913e-04 9.999934018641536415e-01 3.536948547875743733e-03 -8.062660989248071619e-03 -1.875055952739443366e-03 -3.538554695745784080e-03 9.999919237730291455e-01 7.172027066350725732e-01 0.000000000000000000e+00 0.000000000000000000e+00 0.000000000000000000e+00 1.000000000000000000e+00
9.999977140767526418e-01 1.043015925293176716e-03 1.860830107062269589e-03 -4.169697116473969345e-06 -1.049124132786138225e-03 9.999940397385657098e-01 3.283705757584124817e-03 -1.234808917206137169e-02 -1.857390316179222123e-03 -3.285641550852915101e-03 9.999928644185860360e-01 7.316372620662079385e-01 0.000000000000000000e+00 0.000000000000000000e+00 0.000000000000000000e+00 1.000000000000000000e+00
9.999976229273742634e-01 1.129542909154110375e-03 1.853287353307100926e-03 3.357800473091643312e-04 -1.127581468652076244e-03 9.999988056615218834e-01 -1.063349760007621832e-03 -9.950560713980982630e-03 -1.854481824292583680e-03 1.061252066310750669e-03 9.999977636898977895e-01 7.418375479706220688e-01 0.000000000000000000e+00 0.000000000000000000e+00 0.000000000000000000e+00 1.000000000000000000e+00
9.999957577277344134e-01 2.195828243016163112e-03 1.943876671369818010e-03 -7.976848877389031145e-04 -2.190526611177546004e-03 9.999938864257672533e-01 -2.722514692360960761e-03 -7.118089108069103332e-03 -1.949849907208867084e-03 2.718248513606382616e-03 9.999944131903184541e-01 7.557960115762369924e-01 0.000000000000000000e+00 0.000000000000000000e+00 0.000000000000000000e+00 1.000000000000000000e+00
9.999978003125963300e-01 1.302043934291542693e-03 1.617971902390685779e-03 -8.129861772196989023e-04 -1.300752329375369498e-03 9.999987868990986017e-01 -8.000525998506041823e-04 -6.962685362779330589e-03 -1.619004772455440166e-03 7.979479983707695422e-04 9.999983352802455094e-01 7.672902844654103660e-01 0.000000000000000000e+00 0.000000000000000000e+00 0.000000000000000000e+00 1.000000000000000000e+00
9.999950895908301662e-01 -2.696318266615954640e-03 1.600384229848400564e-03 6.378209495474962409e-03 2.692913421390042555e-03 9.999941705211964349e-01 2.127673279778382817e-03 -6.633278690452548698e-03 -1.606116511203070640e-03 -2.123357879535489774e-03 9.999964376301448965e-01 7.873532887244856227e-01 0.000000000000000000e+00 0.000000000000000000e+00 0.000000000000000000e+00 1.000000000000000000e+00
9.999964815353363790e-01 -2.424995478198925872e-03 1.111716561947667659e-03 5.167706290570173167e-03 2.422779807066566260e-03 9.999951004737139826e-01 1.991909441860313136e-03 -1.091869506913456522e-02 -1.116548704737971298e-03 -1.989208612045435288e-03 9.999973990993479278e-01 7.938873720033399195e-01 0.000000000000000000e+00 0.000000000000000000e+00 0.000000000000000000e+00 1.000000000000000000e+00
9.999987520519981743e-01 -8.200164755586079185e-04 1.331619215334034489e-03 2.408309005677899961e-03 8.169890047658983495e-04 9.999970133578980347e-01 2.271992982998070117e-03 -1.232881089958076659e-02 -1.333474851175686648e-03 -2.270911111202147774e-03 9.999965376642984127e-01 8.023953966713293084e-01 0.000000000000000000e+00 0.000000000000000000e+00 0.000000000000000000e+00 1.000000000000000000e+00
9.999997514929133136e-01 4.703673405815136932e-05 7.117123501407529584e-04 6.924686779887778698e-04 -4.409493594493760216e-05 9.999915194758494108e-01 -4.137607205563911122e-03 -1.697637404988272536e-02 -7.118957810656328933e-04 4.137582524169124663e-03 9.999912590447885830e-01 8.025594958823596414e-01 0.000000000000000000e+00 0.000000000000000000e+00 0.000000000000000000e+00 1.000000000000000000e+00
9.999989808812714820e-01 -1.332871040636963642e-03 4.702855342625239521e-04 3.470636004559324306e-03 1.336389396175745314e-03 9.999705054407609373e-01 -7.558171426294829978e-03 -1.660782570275831649e-02 -4.601996030490079770e-04 7.558784836980222792e-03 9.999712453031288639e-01 8.076566847659734094e-01 0.000000000000000000e+00 0.000000000000000000e+00 0.000000000000000000e+00 1.000000000000000000e+00
9.999939439536918995e-01 -3.477504141774563629e-03 -1.973705222244048763e-05 6.360306366669732370e-03 3.477365429665459085e-03 9.999816198269202427e-01 -4.967852013370605002e-03 -8.435010033499668047e-03 3.702140061973002716e-05 4.967762701834736727e-03 9.999877334620224101e-01 8.222261672964386037e-01 0.000000000000000000e+00 0.000000000000000000e+00 0.000000000000000000e+00 1.000000000000000000e+00
9.999986980532620251e-01 -1.534673146969596502e-03 -5.270152325219101819e-04 4.090464294337792239e-03 1.534349259374941619e-03 9.999986535975068369e-01 -6.148038245499766116e-04 -7.402775386909060673e-03 5.279536723116484698e-04 6.139905375728118078e-04 9.999996741775113440e-01 8.318245106397128552e-01 0.000000000000000000e+00 0.000000000000000000e+00 0.000000000000000000e+00 1.000000000000000000e+00
9.999994910573711815e-01 9.986833417558460546e-04 2.202335240446828823e-04 -1.151209910831063610e-03 -1.000555011071730532e-03 9.999619635781845650e-01 8.665728323465500191e-03 -9.227198630010841063e-03 -2.115788679135643946e-04 -8.665937029880506348e-03 9.999623683329822432e-01 8.453922924181149767e-01 0.000000000000000000e+00 0.000000000000000000e+00 0.000000000000000000e+00 1.000000000000000000e+00
9.999992477144158398e-01 1.164370934126370515e-03 -2.959372890201233952e-04 -2.886461731731237990e-03 -1.162287452749598791e-03 9.999751727050518735e-01 6.944216278240229918e-03 -1.321492816005176429e-02 3.040210334403214976e-04 -6.943873985677095212e-03 9.999758988043881969e-01 8.492163259767835370e-01 0.000000000000000000e+00 0.000000000000000000e+00 0.000000000000000000e+00 1.000000000000000000e+00
9.999980863768209716e-01 1.966415718675588661e-03 -2.482280520287039050e-04 -6.312241421936093388e-03 -1.964891292363310504e-03 9.999800351772057949e-01 6.007663962957882596e-03 -1.546320226915076645e-02 2.600312722749464900e-04 -6.007155920966633818e-03 9.999818687920256632e-01 8.486729418349234777e-01 0.000000000000000000e+00 0.000000000000000000e+00 0.000000000000000000e+00 1.000000000000000000e+00
9.999982467274960429e-01 1.807590696200050279e-03 -3.096521364850390867e-04 -7.528449834117267869e-03 -1.807300577896735205e-03 9.999978791104953135e-01 9.289114421631465210e-04 -2.141029321484488879e-02 3.113446861185975578e-04 -9.283580279006566158e-04 9.999995472683421704e-01 8.480773041735467643e-01 0.000000000000000000e+00 0.000000000000000000e+00 0.000000000000000000e+00 1.000000000000000000e+00
9.999999315954104517e-01 3.202824488842039713e-04 -3.925777908262012561e-04 -5.461503620660224101e-03 -3.215771214823675422e-04 9.999944751375398067e-01 -3.311058241203593527e-03 -2.089951569411108157e-02 3.915061622239424111e-04 3.311183619520690919e-03 9.999944163746664616e-01 8.427901033322946489e-01 0.000000000000000000e+00 0.000000000000000000e+00 0.000000000000000000e+00 1.000000000000000000e+00
9.999998909797710445e-01 -1.645653097897756267e-04 -4.573214525281504850e-04 -3.338891622711059881e-03 1.630476632486031058e-04 9.999945451330823909e-01 -3.308179840608908504e-03 -1.591535274664546140e-02 4.578604702692445905e-04 3.308104869151872948e-03 9.999944364305035638e-01 8.402290667834826365e-01 0.000000000000000000e+00 0.000000000000000000e+00 0.000000000000000000e+00 1.000000000000000000e+00
9.999988102889806330e-01 1.542952151800631305e-03 7.332297486946359744e-05 -4.213206610812925135e-03 -1.543042878576579222e-03 9.999979851663677310e-01 1.298546371476825894e-03 -1.325943498856163583e-02 -7.131993952434745321e-05 -1.298655001456705538e-03 9.999991345556779043e-01 8.449876119972863364e-01 0.000000000000000000e+00 0.000000000000000000e+00 0.000000000000000000e+00 1.000000000000000000e+00
9.999993573015920623e-01 1.080814955784445766e-03 2.379926244850255612e-04 -3.574286638919232928e-03 -1.081489674943167043e-03 9.999954103350984225e-01 2.827196403538829658e-03 -1.861179387932931917e-02 -2.349233567167929859e-04 -2.827451622066898349e-03 9.999960408598411732e-01 8.416726069529119059e-01 0.000000000000000000e+00 0.000000000000000000e+00 0.000000000000000000e+00 1.000000000000000000e+00
9.999995762519748865e-01 8.855093193513539906e-04 1.713071652768849429e-05 -5.596735919549011840e-03 -8.854941372983850256e-04 9.999990795926422260e-01 -1.055195098734154190e-03 -2.053982074732030316e-02 -1.807620915311725085e-05 1.055177660283386368e-03 9.999994190882621758e-01 8.439875867264809983e-01 0.000000000000000000e+00 0.000000000000000000e+00 0.000000000000000000e+00 1.000000000000000000e+00
9.999997007581032937e-01 7.217741845712728754e-04 4.327628204780081811e-04 -3.580919410428151650e-03 -7.195428202585937849e-04 9.999866304357071245e-01 -5.120679159099249776e-03 -1.858920328157720459e-02 -4.364496083352625844e-04 5.120371242060810062e-03 9.999868074228486226e-01 8.341838035744615354e-01 0.000000000000000000e+00 0.000000000000000000e+00 0.000000000000000000e+00 1.000000000000000000e+00
9.999991303714403923e-01 1.212582236382129391e-03 3.999296600079998987e-04 -2.224890352441555308e-03 -1.210765065595618278e-03 9.999889316714872800e-01 -4.528138719515515005e-03 -1.645425906325603815e-02 -4.054134075154453010e-04 4.527639275571837887e-03 9.999896486225119396e-01 8.367498380925439960e-01 0.000000000000000000e+00 0.000000000000000000e+00 0.000000000000000000e+00 1.000000000000000000e+00
9.999999575402703789e-01 1.388967766826829098e-05 4.394967644668068552e-04 -1.124889758933989015e-03 -1.411512319021007711e-05 9.999999382850289775e-01 5.258225514129912306e-04 -1.584408285261662552e-02 -4.395058972586907142e-04 -5.258233519970032920e-04 9.999997105458520164e-01 8.391789858014604420e-01 0.000000000000000000e+00 0.000000000000000000e+00 0.000000000000000000e+00 1.000000000000000000e+00
9.999991907701764049e-01 -9.684920477936904970e-04 7.364128830603944298e-04 8.612951579696215276e-04 9.664406296288306775e-04 9.999956892291753663e-01 2.773348700828977016e-03 -1.970477780628299147e-02 -7.390761978567639279e-04 -2.772634708481692099e-03 9.999959301683319923e-01 8.395816637475448374e-01 0.000000000000000000e+00 0.000000000000000000e+00 0.000000000000000000e+00 1.000000000000000000e+00
9.999998046882946356e-01 -5.380604730932658786e-04 4.456112502198850134e-04 -1.666771319621673797e-04 5.360613707127911964e-04 9.999897223343731101e-01 4.489138582274643588e-03 -1.725825161992655676e-02 -4.480335495982423755e-04 -4.488893129726238308e-03 9.999897845703730193e-01 8.429731772411130919e-01 0.000000000000000000e+00 0.000000000000000000e+00 0.000000000000000000e+00 1.000000000000000000e+00
9.999994380845977915e-01 -8.298212632646545517e-04 5.983173056993557060e-04 -5.723056745301491333e-04 8.265459640881822612e-04 9.999847834704238547e-01 5.454274726421397268e-03 -1.681287785936780299e-02 -6.028298900972450802e-04 -5.453784835127455620e-03 9.999849534546947361e-01 8.437667446922176850e-01 0.000000000000000000e+00 0.000000000000000000e+00 0.000000000000000000e+00 1.000000000000000000e+00
1.000000058277794146e+00 1.106262192472652617e-04 -1.522590902043041705e-04 -1.672498104851705136e-03 -1.100229195224768086e-04 9.999922422720494142e-01 3.951615063037689987e-03 -2.050319573860237554e-02 1.526833473221300697e-04 -3.951595483944262722e-03 9.999921666599920211e-01 8.371312439729265975e-01 0.000000000000000000e+00 0.000000000000000000e+00 0.000000000000000000e+00 1.000000000000000000e+00
9.999998691105806969e-01 -3.321488984234337305e-04 2.627576696220962349e-04 -1.872263578652777483e-04 3.323190723938558577e-04 9.999997082629400458e-01 -6.200861173716529229e-04 -2.231213860012570827e-02 -2.625453676889516474e-04 6.201695660794910667e-04 9.999998443881467081e-01 8.350696669082751100e-01 0.000000000000000000e+00 0.000000000000000000e+00 0.000000000000000000e+00 1.000000000000000000e+00
1.000000008274417596e+00 -1.239889380185467405e-04 1.723520085314261818e-04 -1.493466852920732890e-03 1.245876769076503798e-04 9.999937169127274261e-01 -3.533207923870968891e-03 -1.894343665652087338e-02 -1.719110417105346178e-04 3.533237709409269012e-03 9.999937006632162451e-01 8.328455795178228982e-01 0.000000000000000000e+00 0.000000000000000000e+00 0.000000000000000000e+00 1.000000000000000000e+00
9.999996069854898417e-01 7.133351222061573571e-04 4.103071446644040998e-04 -3.048467091744555546e-03 -7.114332633655073845e-04 9.999891185312326236e-01 -4.626228743183268856e-03 -2.017175467318210735e-02 -4.135954560900018118e-04 4.625928048088994229e-03 9.999892539291088678e-01 8.294700983071052747e-01 0.000000000000000000e+00 0.000000000000000000e+00 0.000000000000000000e+00 1.000000000000000000e+00
9.999921327169094543e-01 3.945585555482043760e-03 4.957427620468912721e-04 -7.773424289052144331e-03 -3.944353139243680223e-03 9.999891370717789441e-01 -2.456905427503739553e-03 -1.723782936376849761e-02 -5.054339714636590930e-04 2.454928694002431362e-03 9.999968616235431762e-01 8.299763392230019576e-01 0.000000000000000000e+00 0.000000000000000000e+00 0.000000000000000000e+00 1.000000000000000000e+00
9.999944477400588561e-01 3.303409291369331646e-03 -3.872846921968431388e-04 -7.960852295159526193e-03 -3.304149566757473566e-03 9.999927222032932717e-01 -1.926150296127661192e-03 -1.488595260355041194e-02 3.809141961867296144e-04 1.927414343324255434e-03 9.999980913568833341e-01 8.294398731710259653e-01 0.000000000000000000e+00 0.000000000000000000e+00 0.000000000000000000e+00 1.000000000000000000e+00
9.999989152610718746e-01 -1.270727939043092558e-03 -6.855751839975887663e-04 -1.355223273158401298e-03 1.269608279146405838e-03 9.999978179205232243e-01 -1.635369910741963197e-03 -1.857095941274999884e-02 6.876652466007715514e-04 1.634499460040993992e-03 9.999983648894653632e-01 8.263122330483625433e-01 0.000000000000000000e+00 0.000000000000000000e+00 0.000000000000000000e+00 1.000000000000000000e+00
9.999922553203198783e-01 -3.709552686761857093e-03 -1.344327007498591353e-03 2.916331465730337413e-03 3.704580848304422219e-03 9.999863869955947226e-01 -3.679854695086721451e-03 -1.724341410710672484e-02 1.357946647527419337e-03 3.674856146346656364e-03 9.999922969534763562e-01 8.259226156442807110e-01 0.000000000000000000e+00 0.000000000000000000e+00 0.000000000000000000e+00 1.000000000000000000e+00
9.999909575637988546e-01 -4.185438451488134731e-03 -8.051138845791006027e-04 2.346549227346450550e-03 4.183423688872636367e-03 9.999881365169693836e-01 -2.484556668399239346e-03 -1.313148712151679387e-02 8.155013515677572711e-04 2.481161195564123012e-03 9.999966522787742118e-01 8.248759088263781791e-01 0.000000000000000000e+00 0.000000000000000000e+00 0.000000000000000000e+00 1.000000000000000000e+00
9.999982354523921924e-01 -8.524581065690751275e-04 -1.661013829902635575e-03 -1.093368935418226329e-03 8.577631415586043501e-04 9.999945399325017581e-01 3.192378591334242045e-03 -1.339004003531729659e-02 1.658289529304066146e-03 -3.193805842056836233e-03 9.999935527288902337e-01 8.249318999429888777e-01 0.000000000000000000e+00 0.000000000000000000e+00 0.000000000000000000e+00 1.000000000000000000e+00
9.999967359649961640e-01 -1.784486446402593768e-03 -1.830439827844060341e-03 -3.338612995378298365e-04 1.796526598346240289e-03 9.999766332315600526e-01 6.595853609260555681e-03 -1.637319774723045018e-02 1.818621404953271736e-03 -6.599113982801726487e-03 9.999764827611727913e-01 8.268824447233313890e-01 0.000000000000000000e+00 0.000000000000000000e+00 0.000000000000000000e+00 1.000000000000000000e+00
9.999961900442736473e-01 -2.018728107638758165e-03 -1.854235895875383511e-03 9.321550946879142430e-04 2.025900729575525611e-03 9.999904412411002586e-01 3.876181789580066938e-03 -2.020756364011488948e-02 1.846403450240327593e-03 -3.879921491448630640e-03 9.999908417688937456e-01 8.185990961043785319e-01 0.000000000000000000e+00 0.000000000000000000e+00 0.000000000000000000e+00 1.000000000000000000e+00
9.999980900896912051e-01 -9.070663964620261782e-04 -1.767929048918523427e-03 3.069797492747383671e-04 9.048877637282543018e-04 9.999988286646381841e-01 -1.233435899850162656e-03 -2.239730246392190871e-02 1.769032230362330149e-03 1.231834504394197860e-03 9.999976400635917084e-01 8.126271806365252814e-01 0.000000000000000000e+00 0.000000000000000000e+00 0.000000000000000000e+00 1.000000000000000000e+00
9.999918976408618265e-01 3.918024404407130165e-03 -8.951973428051318571e-04 -8.290616340054235422e-03 -3.920630535999490920e-03 9.999880485983709821e-01 -2.928990039840297967e-03 -2.250937699130450831e-02 8.837273964892311540e-04 2.932474960948644894e-03 9.999953591191982349e-01 8.060427717431366545e-01 0.000000000000000000e+00 0.000000000000000000e+00 0.000000000000000000e+00 1.000000000000000000e+00
9.999905912586131151e-01 4.185553729053135413e-03 -1.158847460478035218e-03 -9.703797023508542452e-03 -4.189922154974479868e-03 9.999840970438879095e-01 -3.791166248739790377e-03 -1.912381381296834881e-02 1.142945915030932347e-03 3.795995573247849288e-03 9.999920664905949108e-01 8.009254038194697500e-01 0.000000000000000000e+00 0.000000000000000000e+00 0.000000000000000000e+00 1.000000000000000000e+00
