9.999956000001499756e-01 2.872218988397539762e-03 6.839950295103115795e-04 3.879737864360969374e-03 -2.873712011734766859e-03 9.999934000007466572e-01 2.190301643742434325e-03 -1.849906002880776779e-01 -6.776996694393891537e-04 -2.192257356737558303e-03 9.999973999991031981e-01 8.085136000652820565e-01 0.000000000000000000e+00 0.000000000000000000e+00 0.000000000000000000e+00 1.000000000000000000e+00
9.999960011059849663e-01 2.716150386080700037e-03 8.758676212029551864e-04 3.282236264889423771e-03 -2.717027981786462789e-03 9.999958065810987673e-01 1.002588598257591473e-03 -1.850367289503576373e-01 -8.731409038270918424e-04 -1.004964072199956201e-03 9.999990915045595674e-01 8.215031122136687847e-01 0.000000000000000000e+00 0.000000000000000000e+00 0.000000000000000000e+00 1.000000000000000000e+00
9.999987895035161722e-01 1.333372729974846398e-03 7.930975403941042338e-04 1.311831964410424892e-02 -1.333266655256829967e-03 9.999991271951061966e-01 -1.357873425210853399e-04 -1.864350724775484802e-01 -7.932780544158391477e-04 1.347299561819401484e-04 9.999996908472893464e-01 7.588976321530067626e-01 0.000000000000000000e+00 0.000000000000000000e+00 0.000000000000000000e+00 1.000000000000000000e+00
9.999979739238601395e-01 1.970142685004915451e-03 4.407916023914217399e-04 8.562851971315749849e-03 -1.970112694618502899e-03 9.999980433288480075e-01 -6.857774513921964521e-05 -1.843431167024680573e-01 -4.409251016987626899e-04 6.770958761796643660e-05 9.999999184710167688e-01 7.834885168492902174e-01 0.000000000000000000e+00 0.000000000000000000e+00 0.000000000000000000e+00 1.000000000000000000e+00
9.999996007825144861e-01 1.605096145554045354e-04 8.131976025480569005e-04 3.395375558882710032e-03 -1.605635447276202842e-04 1.000000024412147193e+00 6.564421534774062678e-05 -1.861174164386339980e-01 -8.131870690223797632e-04 -6.577505985604168576e-05 9.999996486936032491e-01 7.241284520713691109e-01 0.000000000000000000e+00 0.000000000000000000e+00 0.000000000000000000e+00 1.000000000000000000e+00
9.999996868778631143e-01 2.972461243575081572e-04 7.726190838528807989e-04 3.861679335024459370e-03 -2.982662785572342927e-04 9.999991024311165599e-01 1.319728953393152666e-03 -1.862798156599743127e-01 -7.722272155325803945e-04 -1.319958832102723946e-03 9.999988179713062975e-01 7.316301693686564356e-01 0.000000000000000000e+00 0.000000000000000000e+00 0.000000000000000000e+00 1.000000000000000000e+00
9.999992415766106868e-01 6.925334174295804356e-04 9.906589998243103129e-04 1.112913549991932996e-02 -6.953809040034072877e-04 9.999956018099692701e-01 2.877204485184963779e-03 -1.856102265918344596e-01 -9.886612447884621235e-04 -2.877890846148865520e-03 9.999953443379563378e-01 6.900757038004741162e-01 0.000000000000000000e+00 0.000000000000000000e+00 0.000000000000000000e+00 1.000000000000000000e+00
9.999986502868072336e-01 -1.451201219968451005e-04 1.632530360651956308e-03 -4.759922996800322603e-04 1.383288006672892857e-04 9.999913516326222052e-01 4.158643876117746989e-03 -1.901801345062250626e-01 -1.633119840653656646e-03 -4.158409833723751559e-03 9.999900534250085737e-01 6.463269044483244130e-01 0.000000000000000000e+00 0.000000000000000000e+00 0.000000000000000000e+00 1.000000000000000000e+00
9.999987312221143565e-01 -7.936372599916296025e-04 1.422663052881216125e-03 8.315289392646713768e-03 7.882812343603719804e-04 9.999926388391767729e-01 3.762456539403699618e-03 -1.920578123044396346e-01 -1.425638538128650053e-03 -3.761334699079252678e-03 9.999919187112421559e-01 6.132109462472747907e-01 0.000000000000000000e+00 0.000000000000000000e+00 0.000000000000000000e+00 1.000000000000000000e+00
9.999989028874681773e-01 -8.296142838193041073e-04 1.211594150600587422e-03 1.168139097490549297e-02 8.264788152294289501e-04 9.999962493392992036e-01 2.586098395645807999e-03 -1.929770857085715274e-01 -1.213735674939538794e-03 -2.585090756864296888e-03 9.999959527288992955e-01 5.921121931200961086e-01 0.000000000000000000e+00 0.000000000000000000e+00 0.000000000000000000e+00 1.000000000000000000e+00
9.999986941401147744e-01 3.878453807311267989e-04 1.535597416522239966e-03 1.003310841216212626e-02 -3.882754306629912088e-04 9.999998893646643294e-01 2.792675503120491121e-04 -1.937573127430645137e-01 -1.535490431844113018e-03 -2.798629697832455410e-04 9.999987524443556541e-01 5.806686906083937671e-01 0.000000000000000000e+00 0.000000000000000000e+00 0.000000000000000000e+00 1.000000000000000000e+00
9.999982304792579546e-01 1.146876865522791040e-03 1.520026659594025942e-03 -1.785097302083955839e-02 -1.143782689751614854e-03 9.999972716012111018e-01 -2.034744472281479338e-03 -1.932226122390159340e-01 -1.522362347072300781e-03 2.032998995624816368e-03 9.999967471009542086e-01 5.276097634912488843e-01 0.000000000000000000e+00 0.000000000000000000e+00 0.000000000000000000e+00 1.000000000000000000e+00
9.999992326687104915e-01 -7.481461074104300401e-05 1.248356752394593622e-03 -2.952968981122258002e-02 7.881828542268611319e-05 9.999948685002348903e-01 -3.206588614786459387e-03 -1.958138972831506841e-01 -1.248106967536228781e-03 3.206689330707862551e-03 9.999941190029096871e-01 4.731317522202296288e-01 0.000000000000000000e+00 0.000000000000000000e+00 0.000000000000000000e+00 1.000000000000000000e+00
9.999974246912036735e-01 -1.331361916633095688e-03 1.837460267052630838e-03 -1.170073949064869001e-02 1.333631963927640668e-03 9.999983459902997973e-01 -1.235187579953075585e-03 -1.906890738317064127e-01 -1.835809131933695618e-03 1.237628662377494165e-03 9.999975285940484460e-01 4.455885960990073613e-01 0.000000000000000000e+00 0.000000000000000000e+00 0.000000000000000000e+00 1.000000000000000000e+00
9.999910827410718461e-01 -3.695037945987325774e-03 2.020722532468582217e-03 -1.423151305785862186e-02 3.699329977830810145e-03 9.999908673454652730e-01 -2.123428158100432173e-03 -1.931475299303508919e-01 -2.012861655084415002e-03 2.130887040171875954e-03 9.999957022137433427e-01 4.255897086011906083e-01 0.000000000000000000e+00 0.000000000000000000e+00 0.000000000000000000e+00 1.000000000000000000e+00
9.999953296988852713e-01 -2.383068508837595662e-03 1.946499728668681789e-03 4.732980517090257244e-03 2.385625277940654158e-03 9.999963002013989577e-01 -1.312010490166916343e-03 -1.893100960129689980e-01 -1.943355040053443977e-03 1.316647400356391051e-03 9.999971864749819250e-01 3.984615737320194029e-01 0.000000000000000000e+00 0.000000000000000000e+00 0.000000000000000000e+00 1.000000000000000000e+00
9.999880431238421519e-01 4.269854289396092170e-03 2.368039874925911836e-03 -1.243865231660698512e-02 -4.266216815267453132e-03 9.999897169399043495e-01 -1.539713897351991170e-03 -1.920923849530353777e-01 -2.374600629596743812e-03 1.529592622008157411e-03 9.999961093757538944e-01 3.864023840865513648e-01 0.000000000000000000e+00 0.000000000000000000e+00 0.000000000000000000e+00 1.000000000000000000e+00
9.999843350065533709e-01 4.617421017132599184e-03 3.161114066760523783e-03 -1.011172526910458780e-02 -4.615077027477751392e-03 9.999891391007531549e-01 -7.509262940255207949e-04 -1.928434484053509479e-01 -3.164550148943061358e-03 7.363257048433238111e-04 9.999947023144070135e-01 3.189842581992614612e-01 0.000000000000000000e+00 0.000000000000000000e+00 0.000000000000000000e+00 1.000000000000000000e+00
9.999935403310412640e-01 8.970636654983141440e-04 3.474597842031648676e-03 -1.113837903447328914e-02 -9.002971446280761065e-04 9.999991571942785651e-01 9.327458445639374637e-04 -1.917451162332119985e-01 -3.473746501428936345e-03 -9.358666183763870300e-04 9.999934934324706814e-01 2.912385234812102652e-01 0.000000000000000000e+00 0.000000000000000000e+00 0.000000000000000000e+00 1.000000000000000000e+00
9.999866047799982338e-01 -4.080394306563021704e-03 3.182696451964950324e-03 1.329624062945722329e-02 4.078099774486462770e-03 9.999913854837642058e-01 7.253857143202976226e-04 -1.850813927560315264e-01 -3.185640089551803472e-03 -7.123979949628829467e-04 9.999947195075092887e-01 2.749959616490507130e-01 0.000000000000000000e+00 0.000000000000000000e+00 0.000000000000000000e+00 1.000000000000000000e+00
9.999833640876880647e-01 -5.180576482756724457e-03 2.539170886972266783e-03 1.325704399627525287e-02 5.182290268975088716e-03 9.999863121830533386e-01 -6.679607424489412970e-04 -1.838742986307471128e-01 -2.535665886625321219e-03 6.811083452524773624e-04 9.999964876188335294e-01 2.471793656427472285e-01 0.000000000000000000e+00 0.000000000000000000e+00 0.000000000000000000e+00 1.000000000000000000e+00
9.999907607381074426e-01 -3.495317490939608366e-03 2.507233236411617050e-03 1.775714113128890048e-02 3.491295027091808126e-03 9.999926424796092839e-01 1.607031337504557372e-03 -1.837962373136972083e-01 -2.512839587999075863e-03 -1.598262751959999076e-03 9.999955941267407722e-01 2.227494791429798227e-01 0.000000000000000000e+00 0.000000000000000000e+00 0.000000000000000000e+00 1.000000000000000000e+00
9.999963246136251982e-01 -3.519610399215749707e-04 2.683406540856247968e-03 -8.809623899328877794e-03 3.483396342393095362e-04 9.999990905257626350e-01 1.349839326563658307e-03 -1.976515944499457333e-01 -2.683878404444194066e-03 -1.348898367804274301e-03 9.999954580604505372e-01 9.892003467217591606e-02 0.000000000000000000e+00 0.000000000000000000e+00 0.000000000000000000e+00 1.000000000000000000e+00
9.999976762892393012e-01 7.749061186561460087e-04 2.047792835012912649e-03 1.831763823297027916e-03 -7.725355169404963520e-04 9.999990212079296059e-01 -1.158179652948879493e-03 -1.904546988811066655e-01 -2.048674974691258588e-03 1.156593830250062307e-03 9.999973023043146059e-01 1.103442367183955497e-01 0.000000000000000000e+00 0.000000000000000000e+00 0.000000000000000000e+00 1.000000000000000000e+00
9.999970915324775111e-01 7.618124150255598751e-04 2.274509289776530108e-03 5.791003345968270821e-03 -7.580677977249729565e-04 9.999983018246287880e-01 -1.646778179205526070e-03 -1.879351548667678173e-01 -2.275770445035553424e-03 1.645049248667432122e-03 9.999959799635356195e-01 9.512281473128503251e-02 0.000000000000000000e+00 0.000000000000000000e+00 0.000000000000000000e+00 1.000000000000000000e+00
9.999943036813118136e-01 2.147407917453721983e-03 2.608475511800087410e-03 2.186292687656077316e-03 -2.144633684256923647e-03 9.999971805016356630e-01 -1.066055351921208968e-03 -1.896762316432072382e-01 -2.610748903216761341e-03 1.060453829194421722e-03 9.999960979405063677e-01 8.601749781819378882e-02 0.000000000000000000e+00 0.000000000000000000e+00 0.000000000000000000e+00 1.000000000000000000e+00
9.999942149069102060e-01 2.917054220142612994e-03 1.765859730881974565e-03 8.454009774109261244e-03 -2.916437161955425222e-03 9.999956297450769416e-01 -3.525353402380722659e-04 -1.884510746489516109e-01 -1.766888043096916106e-03 3.473840200049344018e-04 9.999983087268562443e-01 8.890826993149580915e-02 0.000000000000000000e+00 0.000000000000000000e+00 0.000000000000000000e+00 1.000000000000000000e+00
9.999978596203118464e-01 1.617776894891757942e-03 1.288586706186055364e-03 -1.817982139869422920e-02 -1.616081845819967566e-03 9.999978102809573555e-01 -1.315367441074030176e-03 -1.992426131930136179e-01 -1.290710359651094097e-03 1.313281173628167743e-03 9.999983453241589881e-01 1.028860339052251049e-02 0.000000000000000000e+00 0.000000000000000000e+00 0.000000000000000000e+00 1.000000000000000000e+00
9.999976681752918983e-01 -8.818513040972903285e-04 1.958785753460062784e-03 1.146373616774942761e-03 8.855295592098771061e-04 9.999978798467796803e-01 -1.877600602173959236e-03 -1.899604939535146642e-01 -1.957133284160243736e-03 1.879331416917819856e-03 9.999962719162255320e-01 4.149010732234970078e-02 0.000000000000000000e+00 0.000000000000000000e+00 0.000000000000000000e+00 1.000000000000000000e+00
9.999979482976091294e-01 -1.359901114101946589e-03 1.475967495640849447e-03 -1.689436435892810451e-03 1.362261048720471695e-03 9.999978503565749577e-01 -1.599831256642342270e-03 -1.892754743245470550e-01 -1.473782324831383883e-03 1.601838027939423738e-03 9.999976587282104479e-01 3.103237893234123135e-02 0.000000000000000000e+00 0.000000000000000000e+00 0.000000000000000000e+00 1.000000000000000000e+00
9.999990905859221790e-01 -8.738625031867673079e-04 1.085571920156160053e-03 1.243499753925103590e-02 8.751093122742830376e-04 9.999988931813537096e-01 -1.147713408601507955e-03 -1.830064654650493949e-01 -1.084570177328804397e-03 1.148661931321405018e-03 9.999988072299877961e-01 5.747993560762765242e-02 0.000000000000000000e+00 0.000000000000000000e+00 0.000000000000000000e+00 1.000000000000000000e+00
9.999986179408757447e-01 6.495936937986945608e-04 1.477316204755906026e-03 -3.277362551142970482e-03 -6.475897643491696333e-04 9.999989120995050884e-01 -1.356955232666866209e-03 -1.905013689891434936e-01 -1.478197391038063579e-03 1.355995869360530209e-03 9.999979735745655463e-01 2.138452517612243753e-02 0.000000000000000000e+00 0.000000000000000000e+00 0.000000000000000000e+00 1.000000000000000000e+00
9.999987880461577161e-01 9.135182853601724398e-04 1.299100222999560739e-03 6.694535415520896926e-03 -9.107134092511934330e-04 9.999972117806568139e-01 -2.157171557650264769e-03 -1.871768239745152940e-01 -1.301061146643779642e-03 2.155985030391273285e-03 9.999967605918709257e-01 3.621465824651970422e-02 0.000000000000000000e+00 0.000000000000000000e+00 0.000000000000000000e+00 1.000000000000000000e+00
9.999996502656740560e-01 1.309502876968072528e-05 7.971484111647317294e-04 1.774279878589579695e-03 -1.130974564288097237e-05 9.999975001333758495e-01 -2.240657323177350398e-03 -1.896482595997248666e-01 -7.971857394191914081e-04 2.240648102492048301e-03 9.999972238447377704e-01 2.075386026764114433e-02 0.000000000000000000e+00 0.000000000000000000e+00 0.000000000000000000e+00 1.000000000000000000e+00
9.999993834639885337e-01 -8.995664150214314732e-04 7.176037517541700161e-04 1.402993173882327582e-02 9.012038586214241205e-04 9.999969714832488421e-01 -2.284292115101455543e-03 -1.841236405214905503e-01 -7.155399691926439543e-04 2.284937195496081035e-03 9.999971428844297572e-01 4.655792799382041380e-02 0.000000000000000000e+00 0.000000000000000000e+00 0.000000000000000000e+00 1.000000000000000000e+00
9.999993717487726252e-01 -1.014683527518942321e-03 -3.758602463498489366e-04 1.270564609392310640e-02 1.013934408810306109e-03 9.999975293683753819e-01 -1.990360454162176662e-03 -1.839148559673668970e-01 3.778792134664435420e-04 1.989974092911961367e-03 9.999979756951642429e-01 4.736237471375659425e-02 0.000000000000000000e+00 0.000000000000000000e+00 0.000000000000000000e+00 1.000000000000000000e+00
9.999977339811654264e-01 -5.747451807477414135e-04 -2.061053169540888463e-03 1.707404733689577014e-03 5.721259647522692173e-04 9.999989886137577999e-01 -1.271285555915074861e-03 -1.842622195887724246e-01 2.061787538669937470e-03 1.270109310811465275e-03 9.999969751592974188e-01 4.158851208051395076e-02 0.000000000000000000e+00 0.000000000000000000e+00 0.000000000000000000e+00 1.000000000000000000e+00
9.999954837581246370e-01 1.072615751383482847e-04 -3.010999445563870835e-03 -1.057700634821623353e-02 -1.102772061118171632e-04 9.999995402962150726e-01 -1.001255562554179829e-03 -1.873221066636627796e-01 3.010885804775750851e-03 1.001574534006814329e-03 9.999949901911222572e-01 2.857729846493839432e-02 0.000000000000000000e+00 0.000000000000000000e+00 0.000000000000000000e+00 1.000000000000000000e+00
9.999916774966863819e-01 5.723046769222357548e-04 -4.042021331142044149e-03 -6.787849874495544000e-04 -5.770861573513616331e-04 9.999991759898623211e-01 -1.182015721022718763e-03 -1.832654178817803015e-01 4.041341420503698212e-03 1.184334241696890361e-03 9.999911995215035043e-01 4.875358861567136159e-02 0.000000000000000000e+00 0.000000000000000000e+00 0.000000000000000000e+00 1.000000000000000000e+00
9.999838246704243483e-01 2.751942096199498514e-04 -5.674399817834130388e-03 1.917915644040812939e-03 -2.819056825441941701e-04 9.999992015176882854e-01 -1.181859648588077724e-03 -1.814235437503182169e-01 5.674063960269100371e-03 1.183443000785997304e-03 9.999831939484488119e-01 5.475745060338965686e-02 0.000000000000000000e+00 0.000000000000000000e+00 0.000000000000000000e+00 1.000000000000000000e+00
9.999778667810297339e-01 -1.123397866397699615e-04 -6.655781517568966354e-03 2.232327813744827694e-04 1.068467749456919946e-04 9.999996247629704405e-01 -8.255205150888532406e-04 -1.812390763814999417e-01 6.655871784035587158e-03 8.247987777443913093e-04 9.999775185387814735e-01 5.435857056761150830e-02 0.000000000000000000e+00 0.000000000000000000e+00 0.000000000000000000e+00 1.000000000000000000e+00
9.999738628740281188e-01 8.693241630421447673e-05 -7.229460232977255596e-03 -1.084945034990264512e-02 -9.322098264995790952e-05 9.999996604815415413e-01 -8.696912689861446832e-04 -1.831662495970354243e-01 7.229388540626116577e-03 8.703377722655628035e-04 9.999734516473455237e-01 3.266104941543623852e-02 0.000000000000000000e+00 0.000000000000000000e+00 0.000000000000000000e+00 1.000000000000000000e+00
9.999668101223454508e-01 1.781991731423445162e-04 -8.141079938392029730e-03 -1.474438377291170665e-02 -1.870838397951804424e-04 9.999994184012911402e-01 -1.090397943596634750e-03 -1.830306738883198392e-01 8.140889751597192581e-03 1.091882344964271306e-03 9.999662070754050669e-01 3.275391741587263539e-02 0.000000000000000000e+00 0.000000000000000000e+00 0.000000000000000000e+00 1.000000000000000000e+00
9.999493926561437984e-01 -1.117359312015741213e-03 -9.995558707640558871e-03 -3.523691582963714430e-03 1.103889818084147125e-03 9.999984875354536173e-01 -1.353027247247635262e-03 -1.796258202659704040e-01 9.997044781185276258e-03 1.341928156654587784e-03 9.999492156313304347e-01 6.077534485592650526e-02 0.000000000000000000e+00 0.000000000000000000e+00 0.000000000000000000e+00 1.000000000000000000e+00
9.999156758013848512e-01 -1.387001827247496752e-03 -1.291659661421467285e-02 -9.931428738917245924e-03 1.364377867170138165e-03 9.999974288556411350e-01 -1.760285318256081533e-03 -1.802674592432849110e-01 1.291900860145245127e-02 1.742511822653072806e-03 9.999149424514344187e-01 6.567875027366021357e-02 0.000000000000000000e+00 0.000000000000000000e+00 0.000000000000000000e+00 1.000000000000000000e+00
9.998741690568748730e-01 -8.046943833449745828e-04 -1.584278536685989128e-02 -3.952554668349400613e-03 7.719106110765716145e-04 9.999975636696979420e-01 -2.075306450703331279e-03 -1.765622498632595239e-01 1.584441614568674744e-02 2.062824635945325474e-03 9.998723863349578966e-01 9.562121124484690426e-02 0.000000000000000000e+00 0.000000000000000000e+00 0.000000000000000000e+00 1.000000000000000000e+00
9.998115449798817833e-01 5.260581274436764180e-04 -1.940673987778753287e-02 -3.384766640974451457e-02 -5.471417513586128174e-04 9.999993309698018695e-01 -1.081133595731004204e-03 -1.839148822147382845e-01 1.940615817819852512e-02 1.091540123786583633e-03 9.998110947971061702e-01 7.344074706016634480e-02 0.000000000000000000e+00 0.000000000000000000e+00 0.000000000000000000e+00 1.000000000000000000e+00
9.997617099356861381e-01 8.639124228027856124e-04 -2.181223366808728026e-02 -2.725049544163649085e-02 -8.592017967192935955e-04 9.999996076313231175e-01 2.253826314085605187e-04 -1.807521491575627692e-01 2.181241960752623721e-02 -2.065874763377863188e-04 9.997620220465477381e-01 1.102657358279639510e-01 0.000000000000000000e+00 0.000000000000000000e+00 0.000000000000000000e+00 1.000000000000000000e+00
9.997206657642658811e-01 6.510124087921568842e-04 -2.362518170696974174e-02 -3.613702309699040605e-02 -6.242426232366780903e-04 9.999991388565530048e-01 1.140427578143778792e-03 -1.801733244248424626e-01 2.362591794080205060e-02 -1.125359792341837362e-03 9.997202669549166698e-01 1.170325383883223935e-01 0.000000000000000000e+00 0.000000000000000000e+00 0.000000000000000000e+00 1.000000000000000000e+00
9.996398590017893104e-01 9.153955793422552129e-04 -2.681842182774410444e-02 -2.689438947039479721e-02 -8.772455846581205495e-04 9.999986132792344495e-01 1.434327579205772751e-03 -1.792526641336102955e-01 2.681972555602470110e-02 -1.410284308782618762e-03 9.996393159348101465e-01 1.593631677853881712e-01 0.000000000000000000e+00 0.000000000000000000e+00 0.000000000000000000e+00 1.000000000000000000e+00
9.995437415593164676e-01 1.128545063032057334e-03 -3.018279568374726551e-02 -4.648206664545395661e-02 -1.073914188478464204e-03 9.999977253205998284e-01 1.826142698422857091e-03 -1.799728120211447902e-01 3.018470603317416345e-02 -1.792893728919317531e-03 9.995427599216752945e-01 1.577336222950886935e-01 0.000000000000000000e+00 0.000000000000000000e+00 0.000000000000000000e+00 1.000000000000000000e+00
9.994360510799573660e-01 -2.342038222125182242e-04 -3.357860360950273848e-02 -4.761130120178669323e-02 3.393424988879819963e-04 9.999950208380570249e-01 3.125426761666449255e-03 -1.796429753688180142e-01 3.357778524951526844e-02 -3.135059371586791654e-03 9.994311588449718009e-01 1.963818812448501205e-01 0.000000000000000000e+00 0.000000000000000000e+00 0.000000000000000000e+00 1.000000000000000000e+00
9.993002413593725652e-01 4.802114972023451868e-04 -3.740080674202839184e-02 -4.726292525077457896e-02 -3.461336394784578045e-04 9.999935447955926593e-01 3.591335529123985265e-03 -1.791687227387832593e-01 3.740228439536796845e-02 -3.575877257088241196e-03 9.992938160109900991e-01 2.168414210459292946e-01 0.000000000000000000e+00 0.000000000000000000e+00 0.000000000000000000e+00 1.000000000000000000e+00
9.991659064603687357e-01 4.566073048695863234e-04 -4.083274902475172996e-02 -7.017947617142805683e-02 -2.465606457258324481e-04 9.999866915343468277e-01 5.148812905467675671e-03 -1.759660327660679258e-01 4.083450672742999776e-02 -5.134448603284295573e-03 9.991527692589836640e-01 2.096740177185356657e-01 0.000000000000000000e+00 0.000000000000000000e+00 0.000000000000000000e+00 1.000000000000000000e+00
9.990688820341281362e-01 3.099105855852445773e-03 -4.303303091850640971e-02 -5.144053205890308789e-02 -2.917732721088655504e-03 9.999865922870155854e-01 4.276853972495625426e-03 -1.777129791550642324e-01 4.304570787639527829e-02 -4.147312266627720123e-03 9.990644854297614508e-01 2.509169805818185495e-01 0.000000000000000000e+00 0.000000000000000000e+00 0.000000000000000000e+00 1.000000000000000000e+00
9.990161458125691452e-01 2.693668599036114740e-03 -4.426525420780585973e-02 -6.978784843155461104e-02 -2.528491295596772218e-03 9.999896320585284215e-01 3.787223258244938606e-03 -1.802119142166684895e-01 4.427505448987045789e-02 -3.671572793154001795e-03 9.990127031295888971e-01 2.647481199273702401e-01 0.000000000000000000e+00 0.000000000000000000e+00 0.000000000000000000e+00 1.000000000000000000e+00
9.989362836197908102e-01 1.359488860383535310e-03 -4.609166814121684608e-02 -8.096010198008940506e-02 -1.140888537787220196e-03 9.999879753166099894e-01 4.768734356890985682e-03 -1.774449327195526394e-01 4.609758045260536896e-02 -4.711075623293885586e-03 9.989257808387883575e-01 2.621273457711836841e-01 0.000000000000000000e+00 0.000000000000000000e+00 0.000000000000000000e+00 1.000000000000000000e+00
9.988627830743959102e-01 9.285175916844226086e-04 -4.766916458186676309e-02 -7.048100274659940823e-02 -5.933673741127008057e-04 9.999749812883449440e-01 7.044620664684694139e-03 -1.818496665967224146e-01 4.767442268176530495e-02 -7.008318782823687310e-03 9.988383228301759287e-01 2.989013123045420883e-01 0.000000000000000000e+00 0.000000000000000000e+00 0.000000000000000000e+00 1.000000000000000000e+00
9.988188269225183324e-01 2.315596339459787163e-03 -4.853355437604151001e-02 -6.610153412130781447e-02 -2.022838834956080731e-03 9.999794474935993494e-01 6.080196293908219328e-03 -1.812350725261069329e-01 4.854668667968825568e-02 -5.974841039905098156e-03 9.988030922158156466e-01 2.933359921263996029e-01 0.000000000000000000e+00 0.000000000000000000e+00 0.000000000000000000e+00 1.000000000000000000e+00
9.987393468802462371e-01 3.946396180121456397e-03 -5.004147542189596454e-02 -1.050638452758168029e-01 -3.762992909178490900e-03 9.999858898545493924e-01 3.758615171241753289e-03 -1.792527844187397079e-01 5.005559844524981594e-02 -3.565570404406618113e-03 9.987400933216608045e-01 2.671479270721608401e-01 0.000000000000000000e+00 0.000000000000000000e+00 0.000000000000000000e+00 1.000000000000000000e+00
9.986514728892688098e-01 2.691271108395263539e-03 -5.184617817802200657e-02 -7.828624750723900405e-02 -2.562589334169455661e-03 9.999934880335347165e-01 2.548471855979797529e-03 -1.807841286223617061e-01 5.185272624384279494e-02 -2.412175688426675818e-03 9.986517513123744916e-01 3.188512590826277915e-01 0.000000000000000000e+00 0.000000000000000000e+00 0.000000000000000000e+00 1.000000000000000000e+00
9.985922662604467259e-01 4.338374801430028987e-03 -5.286423805674322907e-02 -1.241532466610779650e-01 -4.327370347777453191e-03 9.999905691643692363e-01 3.225899728831228830e-04 -1.792442355453083280e-01 5.286517325521572497e-02 -9.336908145338163045e-05 9.986016656773728517e-01 3.109048106814888968e-01 0.000000000000000000e+00 0.000000000000000000e+00 0.000000000000000000e+00 1.000000000000000000e+00
9.985534583052533275e-01 2.389362824343984476e-03 -5.371545334020372264e-02 -8.167244048654431765e-02 -2.310197163759317683e-03 9.999962085541385104e-01 1.535984948960676319e-03 -1.754989213033564255e-01 5.371888663643376027e-02 -1.409665500783563105e-03 9.985551599137230117e-01 3.397223029844003150e-01 0.000000000000000000e+00 0.000000000000000000e+00 0.000000000000000000e+00 1.000000000000000000e+00
9.984665870705426993e-01 3.132542509288630678e-03 -5.526890503491116435e-02 -8.025517702800222253e-02 -3.016067926454651590e-03 9.999930578211203569e-01 2.190621665679430216e-03 -1.739222273552343268e-01 5.527533139918938687e-02 -2.020574315731370543e-03 9.984690686561831230e-01 3.531837830839243964e-01 0.000000000000000000e+00 0.000000000000000000e+00 0.000000000000000000e+00 1.000000000000000000e+00
9.984853110288094413e-01 6.947784065304569295e-04 -5.501480285503429490e-02 -1.226413833126382968e-01 -5.893346585756683437e-04 9.999978940905726033e-01 1.932858433359858387e-03 -1.744139825616617401e-01 5.501607290410498452e-02 -1.897500121516437419e-03 9.984836270818704396e-01 3.503721593714157478e-01 0.000000000000000000e+00 0.000000000000000000e+00 0.000000000000000000e+00 1.000000000000000000e+00
9.984977866373194733e-01 -2.402192960746490219e-04 -5.479088193603309787e-02 -7.590835403606988052e-02 2.593114630633636120e-04 9.999999281548035412e-01 3.412610224274650883e-04 -1.793200192186663600e-01 5.479083822694597039e-02 -3.549513016263480814e-04 9.984977876407541419e-01 4.107991630656027127e-01 0.000000000000000000e+00 0.000000000000000000e+00 0.000000000000000000e+00 1.000000000000000000e+00
9.984924269327229984e-01 -2.335145063274663563e-03 -5.483990664776827728e-02 -8.483010711624849876e-02 2.390709245754386869e-03 9.999966775204933711e-01 9.476180336626758433e-04 -1.797777279176155929e-01 5.483748487821621387e-02 -1.077303548197712860e-03 9.984947583104288871e-01 4.321017861771068169e-01 0.000000000000000000e+00 0.000000000000000000e+00 0.000000000000000000e+00 1.000000000000000000e+00
9.984756719258618407e-01 -2.079308166877189348e-03 -5.515506878379411448e-02 -1.117465817407818918e-01 2.182874884645686145e-03 9.999960070888532782e-01 1.817770786675183131e-03 -1.766522360579099171e-01 5.515114517463626242e-02 -1.935392131891783274e-03 9.984761001681126125e-01 4.311860480322327049e-01 0.000000000000000000e+00 0.000000000000000000e+00 0.000000000000000000e+00 1.000000000000000000e+00
9.984759177893384186e-01 9.895608360874583870e-04 -5.518050920851330643e-02 -8.208180250943364342e-02 -9.127577168730020840e-04 9.999985545265741571e-01 1.416805351035549734e-03 -1.755224729899271807e-01 5.518179410812346086e-02 -1.364289049058513628e-03 9.984754123824470806e-01 4.629894861199161937e-01 0.000000000000000000e+00 0.000000000000000000e+00 0.000000000000000000e+00 1.000000000000000000e+00
9.984033317868900026e-01 1.810427426461124964e-03 -5.645758426197400315e-02 -1.245273830345468014e-01 -1.894450692151043725e-03 9.999971489630155030e-01 -1.434763648374004150e-03 -1.741100464967413330e-01 5.645484646215803703e-02 1.539437551357296027e-03 9.984040033658541091e-01 4.515282383937222477e-01 0.000000000000000000e+00 0.000000000000000000e+00 0.000000000000000000e+00 1.000000000000000000e+00
9.982904127364945479e-01 -2.112780004765764039e-03 -5.840948675389917577e-02 -8.366337501842124880e-02 2.113046799297278039e-03 9.999978091726021701e-01 -5.717134354458683343e-05 -1.754705384302930327e-01 5.840950664519439783e-02 -6.634618974071630759e-05 9.982926823450484211e-01 5.180608488629268038e-01 0.000000000000000000e+00 0.000000000000000000e+00 0.000000000000000000e+00 1.000000000000000000e+00
9.983019675926707581e-01 -2.150123800630069498e-03 -5.821266290286508660e-02 -7.370957548336676268e-02 2.197826198189131719e-03 9.999972438225614990e-01 7.553429923149602293e-04 -1.751661612814459090e-01 5.821076329518842796e-02 -8.820123095614855468e-04 9.983039590120303952e-01 5.251565839855434348e-01 0.000000000000000000e+00 0.000000000000000000e+00 0.000000000000000000e+00 1.000000000000000000e+00
9.983553422882813777e-01 -6.627601297714696971e-04 -5.732520660260381762e-02 -1.210338056585271715e-01 5.645721150836328917e-04 9.999983657642024237e-01 -1.728766822519668331e-03 -1.728649553048633436e-01 5.732636011602498805e-02 1.693565390022258588e-03 9.983539755575694397e-01 5.432194668118075498e-01 0.000000000000000000e+00 0.000000000000000000e+00 0.000000000000000000e+00 1.000000000000000000e+00
9.984584721835926269e-01 2.312366042951860545e-03 -5.545540859665257227e-02 -7.791807561170749352e-02 -2.050267252163087001e-03 9.999864851999967774e-01 4.782624555097368321e-03 -1.711809715714203151e-01 5.546566665973778898e-02 -4.661544735791066200e-03 9.984497551030233620e-01 5.634017511424698199e-01 0.000000000000000000e+00 0.000000000000000000e+00 0.000000000000000000e+00 1.000000000000000000e+00
9.985999445347555348e-01 8.150893688252287828e-04 -5.289021968658363937e-02 -7.285276715717614593e-02 -4.992586134210906523e-04 9.999820085957443760e-01 5.984448961098071638e-03 -1.750233257149353960e-01 5.289420025464461328e-02 -5.949672418585785424e-03 9.985824610940989832e-01 5.853896347943070566e-01 0.000000000000000000e+00 0.000000000000000000e+00 0.000000000000000000e+00 1.000000000000000000e+00
9.987466350231424261e-01 -3.017756698111516422e-03 -4.996048119170429236e-02 -9.447927344499262858e-02 3.111135048516483481e-03 9.999934623582793503e-01 1.791336193956777432e-03 -1.781102668493073082e-01 4.995471852288294046e-02 -1.944530042663018821e-03 9.987495651018425402e-01 6.346545823571183575e-01 0.000000000000000000e+00 0.000000000000000000e+00 0.000000000000000000e+00 1.000000000000000000e+00
9.989803318211406546e-01 1.556644274027275954e-04 -4.514834539205903052e-02 -6.258998216939914983e-02 -6.733123696409798464e-05 9.999980791019036364e-01 1.958077331300264040e-03 -1.828814689285529482e-01 4.514854305788656985e-02 -1.953032095843913914e-03 9.989783742105794451e-01 6.383819049867138773e-01 0.000000000000000000e+00 0.000000000000000000e+00 0.000000000000000000e+00 1.000000000000000000e+00
9.991565354061207049e-01 2.805179090542633813e-03 -4.096700444319285872e-02 -8.118106874796993111e-02 -2.852776406872040843e-03 9.999953211184579027e-01 -1.103515887804729480e-03 -1.804641738830277120e-01 4.096373620883811406e-02 1.219446644909436949e-03 9.991598377245822782e-01 6.763713320121240713e-01 0.000000000000000000e+00 0.000000000000000000e+00 0.000000000000000000e+00 1.000000000000000000e+00
9.993552007289190353e-01 3.481111902377907047e-03 -3.573544544552769570e-02 -5.960597413919899168e-02 -3.650673726916769946e-03 9.999824758332436225e-01 -4.680794970275019458e-03 -1.706020953166920151e-01 3.571850618423413198e-02 4.808239684503324424e-03 9.993503286935054852e-01 6.721897811004335921e-01 0.000000000000000000e+00 0.000000000000000000e+00 0.000000000000000000e+00 1.000000000000000000e+00
9.995651299094052700e-01 4.040641110973835354e-03 -2.921296762912447414e-02 -6.214195817739920358e-02 -4.070463471317566431e-03 9.999912193273835515e-01 -9.613180679020746564e-04 -1.697849436147826907e-01 2.920884366175034719e-02 1.079811652561128796e-03 9.995728031355979315e-01 7.044766219257336815e-01 0.000000000000000000e+00 0.000000000000000000e+00 0.000000000000000000e+00 1.000000000000000000e+00
9.997672602537205355e-01 2.834085543222508718e-03 -2.138475891343121632e-02 -4.449405425537023007e-02 -2.736909767885544256e-03 9.999858172836094683e-01 4.571831107307281275e-03 -1.727864616338301573e-01 2.139741034982922327e-02 -4.512246439942539135e-03 9.997608382470695165e-01 7.366681769863010487e-01 0.000000000000000000e+00 0.000000000000000000e+00 0.000000000000000000e+00 1.000000000000000000e+00
9.999090578124837370e-01 -8.887411031912630099e-05 -1.348526006011303846e-02 -3.031910004348503662e-02 1.712764808679701628e-04 9.999812867966808572e-01 6.109523939025347447e-03 -1.753850630353230855e-01 1.348446230676626952e-02 -6.111264472397492584e-03 9.998903775721940113e-01 7.948413120948796262e-01 0.000000000000000000e+00 0.000000000000000000e+00 0.000000000000000000e+00 1.000000000000000000e+00
9.999656394921554448e-01 3.877422532557271012e-04 -8.278543224058618200e-03 -2.844572698815639455e-02 -3.607535279820887203e-04 9.999946629698978073e-01 3.261542319748226681e-03 -1.800022654292163793e-01 8.279767970897862484e-03 -3.258449041754889544e-03 9.999604733145810442e-01 7.655264640958581168e-01 0.000000000000000000e+00 0.000000000000000000e+00 0.000000000000000000e+00 1.000000000000000000e+00
9.999909778368420987e-01 -8.718321388200417354e-04 -4.162118045460024007e-03 -1.815890852306267789e-02 8.616201577179606608e-04 9.999965925018431401e-01 -2.455594054829978844e-03 -1.836346155548245207e-01 4.164238195986019742e-03 2.451991953695823855e-03 9.999882701708115995e-01 7.975862310369361552e-01 0.000000000000000000e+00 0.000000000000000000e+00 0.000000000000000000e+00 1.000000000000000000e+00
9.999831337434499368e-01 -5.811799197230963637e-03 -8.147479254039247110e-07 -1.149785511283596406e-02 5.811748810207831642e-03 9.999751928912533616e-01 -3.966509010566769688e-03 -1.768516703356528552e-01 2.386991752082595619e-05 3.966429343966009803e-03 9.999921104951753348e-01 7.977455869043001968e-01 0.000000000000000000e+00 0.000000000000000000e+00 0.000000000000000000e+00 1.000000000000000000e+00
9.999070072249828245e-01 -1.323134280777608571e-02 3.289523448725323318e-03 8.498044912318647448e-03 1.324116803562445585e-02 9.999079625387014003e-01 -2.981395008555372955e-03 -1.668765383833665794e-01 -3.249765049242923920e-03 3.024678930658252114e-03 9.999901425165623747e-01 8.623089258063920681e-01 0.000000000000000000e+00 0.000000000000000000e+00 0.000000000000000000e+00 1.000000000000000000e+00
9.999843091265459005e-01 -1.563913648607570539e-03 5.384163461525766359e-03 -1.063082429676498464e-02 1.562764027682374962e-03 9.999986651919369196e-01 2.172103724298993276e-04 -1.732124836596256046e-01 -5.384497687600405674e-03 -2.088020251709609212e-04 9.999855349479702671e-01 8.507932813579230924e-01 0.000000000000000000e+00 0.000000000000000000e+00 0.000000000000000000e+00 1.000000000000000000e+00
9.999794469445761891e-01 2.958799449558988798e-03 5.689213268876718022e-03 -1.719522183972799212e-02 -2.955778597876362185e-03 9.999955627234534683e-01 -5.394725788691079630e-04 -1.817446976089200916e-01 -5.690788806595924176e-03 5.226467571772714944e-04 9.999836768007547283e-01 8.847795532002731278e-01 0.000000000000000000e+00 0.000000000000000000e+00 0.000000000000000000e+00 1.000000000000000000e+00
9.999827767576677795e-01 -5.164157772758158627e-03 2.792581528826190013e-03 -1.149420313542037775e-02 5.182913681937462158e-03 9.999637288910143695e-01 -6.752427864643218217e-03 -1.778488595770788550e-01 -2.757605584641158181e-03 6.766783010176102321e-03 9.999733024558912220e-01 8.782695466161172249e-01 0.000000000000000000e+00 0.000000000000000000e+00 0.000000000000000000e+00 1.000000000000000000e+00
9.999963588760204525e-01 1.751782255742205530e-03 2.021394321495888213e-03 -2.688868200513638840e-02 -1.730417579750606616e-03 9.999431829775136116e-01 -1.051888355288137233e-02 -1.644843786802105967e-01 -2.039702217441520526e-03 1.051535917504089167e-02 9.999426252582407360e-01 9.331919352902424691e-01 0.000000000000000000e+00 0.000000000000000000e+00 0.000000000000000000e+00 1.000000000000000000e+00
9.999685634948300983e-01 7.848628051948119272e-03 1.163151250049541258e-03 -3.736669965260119852e-02 -7.839328774003971601e-03 9.999388733062158918e-01 -7.799149140692871428e-03 -1.683668714174046954e-01 -1.224308685240114991e-03 7.789776789232326186e-03 9.999689085672152089e-01 9.230497114902043165e-01 0.000000000000000000e+00 0.000000000000000000e+00 0.000000000000000000e+00 1.000000000000000000e+00
9.999836991401260811e-01 5.577548692248836260e-03 -1.218950363786322141e-03 -3.599848595659693729e-02 -5.581997919894620547e-03 9.999776653117996572e-01 -3.679780961806999613e-03 -1.614510272745341979e-01 1.198400951453539726e-03 3.686519740638293397e-03 9.999924983556484070e-01 9.471197665150015155e-01 0.000000000000000000e+00 0.000000000000000000e+00 0.000000000000000000e+00 1.000000000000000000e+00
9.999563656579784077e-01 8.796561823764858026e-03 -3.137172502212667857e-03 -4.257477474535065198e-02 -8.775307536717538021e-03 9.999388645823306110e-01 6.728965935473702788e-03 -1.680359399299256040e-01 3.196179027700002395e-03 -6.701140081486036196e-03 9.999724450399816167e-01 9.675868459160774648e-01 0.000000000000000000e+00 0.000000000000000000e+00 0.000000000000000000e+00 1.000000000000000000e+00
9.999667642354691521e-01 7.055384307497305010e-03 -4.095008201598873687e-03 -4.046689813563730809e-02 -7.022345964397989568e-03 9.999430597028126089e-01 8.026490832903236672e-03 -1.703629878051415858e-01 4.151398590267609684e-03 -7.997465176428703720e-03 9.999593746524391147e-01 9.898614503412268562e-01 0.000000000000000000e+00 0.000000000000000000e+00 0.000000000000000000e+00 1.000000000000000000e+00
9.999877022695013995e-01 9.651750501874951926e-04 -4.854189759802767651e-03 -3.492711367050560511e-02 -9.192272284777413920e-04 9.999548275072051018e-01 9.459135614634447964e-03 -1.619500811961458453e-01 4.863113143593379012e-03 -9.454552348074055437e-03 9.999434377240917771e-01 1.022260257500214209e+00 0.000000000000000000e+00 0.000000000000000000e+00 0.000000000000000000e+00 1.000000000000000000e+00
9.999972419798761614e-01 1.477354848052270502e-03 -1.863687621240572162e-03 -3.089405860682603588e-02 -1.459241282243496380e-03 9.999520653140596682e-01 9.683231615647734658e-03 -1.679036236165956097e-01 1.877892288619623790e-03 -9.680482130080311776e-03 9.999513706453230233e-01 1.034211751960970815e+00 0.000000000000000000e+00 0.000000000000000000e+00 0.000000000000000000e+00 1.000000000000000000e+00
9.999985790747837333e-01 -1.181896508687725828e-03 -1.193333042271284977e-03 -2.520709683152588809e-02 1.192530899806298070e-03 9.999592588650279001e-01 8.950414648532705256e-03 -1.733833189025908439e-01 1.182714302920776644e-03 -8.951822438309360933e-03 9.999592720752986663e-01 1.038113061389907443e+00 0.000000000000000000e+00 0.000000000000000000e+00 0.000000000000000000e+00 1.000000000000000000e+00
9.999972780665099537e-01 -1.813722343148277405e-03 -1.422828233215017724e-03 -2.256849390424164881e-02 1.815977774278213028e-03 9.999971535769588415e-01 1.584240179937526465e-03 -1.792585892279596749e-01 1.419947219759042090e-03 -1.586818421704610073e-03 9.999977254490418632e-01 1.030184545844633703e+00 0.000000000000000000e+00 0.000000000000000000e+00 0.000000000000000000e+00 1.000000000000000000e+00
